	Sample.12	Sample.8	Sample.10	Sample.1	Sample.5	Sample.3	Sample.6	Sample.2	Sample.4	Sample.11	Sample.7	Sample.9
gene-1	8	11	11	53	100	41	37	7	17	49	29	39
gene-2	0	0	0	1	1	0	0	0	0	0	0	0
gene-3	1014	910	1547	4938	5739	2939	4070	1440	1184	1564	1359	2168
gene-4	0	0	0	0	4	2	0	0	0	3	0	1
gene-5	43	14	44	310	430	160	211	66	49	85	77	80
gene-6	0	1	1	43	26	10	3	1	7	21	4	5
gene-7	8	11	11	53	100	41	37	7	17	49	29	39
gene-8	516	573	974	10203	9616	4795	3891	1123	1212	2983	2015	3185
gene-9	10	11	20	55	66	47	73	33	17	32	27	19
gene-10	133	137	196	575	904	475	370	177	169	179	199	268
gene-11	8	22	19	42	37	14	9	9	5	36	14	28
gene-12	704	774	1094	4596	3883	1900	1493	489	455	2160	1499	2085
gene-13	1	1	1	1	3	1	5	0	0	0	0	0
gene-14	8	6	6	9	21	14	10	5	4	17	15	10
gene-15	1203	1142	1539	4638	5152	2459	5808	2162	1686	2034	1210	2153
gene-16	0	0	0	0	0	0	0	0	0	0	1	0
gene-17	1541	1234	1699	4749	6643	3036	2851	1621	1276	2338	1688	2458
gene-18	0	2	0	0	8	0	0	0	0	1	1	0
gene-19	356	390	463	2524	2923	1173	1797	437	516	985	707	1047
gene-20	12	6	3	16	36	15	15	6	10	18	5	17
gene-21	0	0	0	1	3	1	0	0	0	2	0	3
gene-22	0	0	0	4	5	4	2	0	0	1	1	0
gene-23	368	289	457	2939	3396	1544	2654	541	599	1177	1253	1277
gene-24	1774	1528	1016	1627	5494	2844	2164	3293	2485	1886	1485	1148
gene-25	0	0	0	0	0	0	0	0	0	0	2	0
gene-26	6140	4874	3476	2857	9197	4924	5444	6861	5269	5383	4023	3421
gene-27	0	0	0	0	0	0	0	0	0	0	2	0
gene-28	14	10	9	15	37	25	13	23	17	17	13	10
gene-29	0	0	0	0	2	0	0	0	0	0	0	0
gene-30	0	3	0	0	4	0	2	0	0	1	2	1
gene-31	6241	5286	4840	14528	24354	11343	5793	7378	5133	9696	5975	7618
gene-32	0	0	0	0	0	0	0	0	0	0	0	0
gene-33	6	2	0	1	5	2	0	1	3	1	1	0
gene-34	3314	2626	2041	523	2843	1689	2800	3839	2072	893	1784	726
gene-35	2350	1689	2637	2242	3282	1974	3521	2283	1561	1736	1401	1435
gene-36	550	549	365	352	949	532	646	571	289	745	794	458
gene-37	320	296	219	1537	3333	1697	198	420	283	1470	937	910
gene-38	0	0	0	2	3	1	0	0	0	2	2	0
gene-39	24	24	27	91	149	80	66	33	27	71	85	56
gene-40	1482	1391	1874	13883	14785	6394	12307	2490	2742	4981	4938	5034
gene-41	21	22	24	241	350	167	89	33	29	130	98	85
gene-42	2660	2706	4028	61009	52145	23535	20662	4658	5006	19217	12220	17414
gene-43	0	0	0	1	0	0	0	0	0	1	0	0
gene-44	0	0	0	0	0	0	0	0	0	0	0	0
gene-45	6	0	4	24	22	5	8	0	0	15	8	12
gene-46	0	0	0	0	0	0	0	0	0	0	0	0
gene-47	26	25	23	26	42	26	21	22	11	23	23	26
gene-48	0	0	0	0	0	0	0	0	0	0	0	0
gene-49	1	0	0	3	1	1	0	0	0	0	3	2
gene-50	0	0	0	0	0	0	0	0	0	0	0	0
gene-51	20	15	8	63	180	83	40	24	24	84	77	76
gene-52	1	2	3	13	12	5	1	0	4	9	2	6
gene-53	9	17	26	22	60	23	18	45	36	14	23	8
gene-54	83	57	77	56	135	59	145	133	94	30	38	23
gene-55	20	15	15	69	191	101	29	17	29	150	121	86
gene-56	0	0	0	0	0	0	0	0	1	0	0	0
gene-57	0	3	0	2	0	0	0	0	0	4	2	0
gene-58	69	55	71	343	302	160	185	58	46	162	98	168
gene-59	0	0	0	0	0	0	0	1	0	0	0	0
gene-60	1	0	0	0	0	0	0	0	0	0	0	0
gene-61	0	0	0	0	0	0	0	0	0	0	0	0
gene-62	0	0	0	0	0	0	0	0	0	0	0	0
gene-63	0	0	0	0	0	0	0	0	0	0	0	0
gene-64	0	1	0	0	0	0	0	0	0	0	0	0
gene-65	0	0	0	0	0	0	0	0	0	0	0	0
gene-66	0	0	0	0	0	0	0	0	0	0	0	0
gene-67	0	0	0	0	0	0	1	0	0	0	0	1
gene-68	0	0	0	0	0	0	0	0	0	0	0	0
gene-69	0	0	0	0	0	0	0	1	0	0	0	0
gene-70	1	0	1	0	1	1	3	1	0	0	0	0
gene-71	0	2	1	1	0	1	7	1	1	0	0	0
gene-72	3	1	2	0	2	0	0	0	1	0	1	0
gene-73	0	0	0	0	0	0	1	0	0	0	0	0
gene-74	0	0	0	0	0	0	0	0	0	0	0	0
gene-75	0	0	0	0	0	0	0	0	0	0	0	0
gene-76	0	0	0	1	1	1	0	0	0	0	0	0
gene-77	0	0	0	0	0	0	0	0	0	0	0	0
gene-78	0	0	0	0	0	0	0	0	0	0	0	0
gene-79	0	0	0	0	0	0	0	0	0	0	0	0
gene-80	0	0	0	0	0	1	0	0	0	0	2	1
gene-81	0	0	0	0	0	0	0	0	0	0	0	0
gene-82	2	2	0	1	3	2	5	1	0	1	1	1
gene-83	0	0	0	0	0	0	0	0	0	0	0	0
gene-84	0	0	0	0	0	0	0	0	0	0	0	0
gene-85	0	0	0	0	2	1	0	0	0	0	0	0
gene-86	0	0	0	0	1	0	1	0	1	0	0	1
gene-87	0	1	0	1	1	1	0	1	0	3	0	0
gene-88	0	0	0	0	0	0	0	0	0	0	0	0
gene-89	0	0	0	0	0	0	0	0	0	0	0	0
gene-90	0	0	0	0	0	0	0	0	0	0	0	0
gene-91	0	0	0	0	0	0	0	0	0	0	0	0
gene-92	0	0	0	0	0	0	0	0	0	0	0	0
gene-93	0	0	0	0	0	0	0	0	0	0	0	0
gene-94	0	0	0	0	0	0	0	0	0	0	0	0
gene-95	0	0	0	0	0	0	0	0	0	0	0	0
gene-96	2	3	12	9	6	6	33	3	86	1	6	16
gene-97	0	0	0	0	0	0	0	0	0	0	0	0
gene-98	0	0	0	0	0	0	0	0	0	0	0	0
gene-99	0	0	0	0	0	0	0	0	0	0	0	0
gene-100	0	0	0	0	0	0	0	0	0	0	0	0
gene-101	0	0	0	0	1	0	0	1	0	0	0	0
gene-102	0	0	0	0	0	0	0	0	0	0	0	0
gene-103	1	0	0	0	0	0	0	0	0	0	0	0
gene-104	0	0	0	0	0	0	0	0	0	0	0	0
gene-105	0	0	0	0	0	0	0	0	0	0	0	0
gene-106	0	0	0	0	0	0	0	0	0	0	0	0
gene-107	0	0	0	0	0	0	0	0	0	0	0	0
gene-108	0	0	0	0	0	0	0	1	2	0	0	0
gene-109	0	0	0	0	2	0	0	0	0	0	0	0
gene-110	0	4	0	4	9	4	19	18	6	1	2	0
gene-111	0	0	0	0	0	0	0	0	0	0	0	0
gene-112	0	0	0	0	0	0	0	0	0	0	0	0
gene-113	0	1	0	0	0	0	0	0	0	0	1	1
gene-114	0	0	1	1	2	1	3	0	1	2	1	0
gene-115	6	10	2	1	11	10	6	17	11	8	12	2
gene-116	3	9	2	14	41	22	7	18	6	26	16	3
gene-117	2	12	13	30	18	4	24	6	10	0	1	2
gene-118	2	2	3	2	8	3	3	6	6	0	2	2
gene-119	3	2	3	17	27	13	1	3	2	21	4	7
gene-120	0	0	2	2	3	0	0	2	2	0	1	0
gene-121	0	0	0	0	0	0	0	0	0	0	1	4
gene-122	0	0	0	2	8	5	0	0	0	1	0	0
gene-123	0	2	0	5	18	4	1	1	1	6	3	1
gene-124	3	5	2	7	7	4	3	0	2	1	2	5
gene-125	0	0	0	0	0	0	3	2	1	1	1	0
gene-126	52	56	88	176	99	64	67	28	20	107	69	89
gene-127	2522	2327	2581	10458	10687	5338	3843	1602	1306	6158	4030	7238
gene-128	15	24	26	1203	813	349	182	68	70	127	94	124
gene-129	3	7	10	149	161	81	42	12	13	115	80	74
gene-130	649	761	647	13029	16877	8597	1975	1161	1120	4433	3419	4298
gene-131	2	0	0	0	7	1	5	1	1	0	4	0
gene-132	0	0	0	0	0	0	0	0	0	0	0	0
gene-133	390	557	477	627	1613	647	2211	938	814	582	983	541
gene-134	42	50	29	30	114	56	96	59	77	64	120	41
gene-135	0	0	0	0	0	0	0	0	0	1	0	0
gene-136	0	0	0	0	0	0	0	0	0	0	0	0
gene-137	1471	1233	1732	18017	18088	6593	6069	3143	2197	9383	5838	8635
gene-138	121	102	74	681	1275	567	284	169	181	1094	614	664
gene-139	0	0	0	0	0	0	0	0	0	0	0	0
gene-140	0	0	0	0	0	0	0	0	0	0	0	0
gene-141	12	20	12	14	20	6	12	11	9	8	6	3
gene-142	0	0	0	0	0	0	0	0	0	0	0	0
gene-143	1086	1107	1304	1728	2096	1240	3494	1700	1266	1006	958	1042
gene-144	102	129	67	8	50	13	50	60	30	41	40	19
gene-145	10	5	4	2	3	4	2	2	4	6	1	1
gene-146	875	679	988	224	317	155	1259	410	311	260	404	277
gene-147	262	200	117	142	729	199	69	381	213	193	277	171
gene-148	0	0	0	0	0	0	0	0	0	0	0	1
gene-149	11	4	2	10	33	9	31	16	11	6	14	8
gene-150	0	0	0	0	0	0	0	0	0	0	0	0
gene-151	0	0	0	0	0	0	0	0	0	0	0	0
gene-152	8	23	25	32	42	15	52	23	26	7	10	10
gene-153	4	10	6	9	25	3	6	3	7	10	13	3
gene-154	77	95	62	59	222	96	94	110	73	167	194	96
gene-155	9	10	3	9	8	3	7	8	4	18	9	4
gene-156	4	11	7	30	92	43	18	22	10	52	61	28
gene-157	66	47	92	387	325	249	214	87	71	100	103	111
gene-158	0	0	0	0	0	0	0	0	0	0	0	0
gene-159	37	34	33	11	32	12	20	18	12	25	58	17
gene-160	4	5	3	0	3	3	1	2	3	8	3	4
gene-161	1	1	3	6	9	1	12	1	2	5	7	7
gene-162	1	1	0	0	0	1	0	0	1	0	0	0
gene-163	0	0	0	1	1	0	1	0	2	1	1	0
gene-164	0	0	0	0	0	0	0	0	0	0	0	0
gene-165	0	0	0	0	0	0	0	0	0	0	0	0
gene-166	0	0	0	4	4	3	0	0	0	4	0	1
gene-167	194	188	269	1546	1840	848	750	300	284	2024	975	1480
gene-168	1	0	0	5	6	1	3	1	0	0	2	1
gene-169	1	1	0	134	128	61	4	4	4	10	7	7
gene-170	28	27	17	716	1120	606	53	47	40	305	210	195
gene-171	11	8	17	3	5	2	9	8	2	13	13	9
gene-172	14	21	16	9	35	17	43	31	17	136	84	65
gene-173	152	121	109	638	1404	692	372	281	239	1224	810	737
gene-174	16	10	4	51	133	62	35	13	20	96	105	51
gene-175	0	1	0	0	1	0	0	1	2	1	2	0
gene-176	0	0	0	0	2	0	0	0	0	0	0	0
gene-177	0	0	0	0	0	0	0	0	0	1	0	1
gene-178	0	1	0	0	3	0	0	0	0	1	0	1
gene-179	3	5	0	5	9	3	1	1	2	33	25	10
gene-180	5	6	8	3	6	1	17	5	3	19	19	23
gene-181	45	43	38	12	33	13	56	28	17	420	273	314
gene-182	3001	2673	3223	2881	5242	2809	3211	2763	2127	22215	8171	15837
gene-183	282	285	199	228	542	273	477	336	223	2407	1522	1417
gene-184	18	5	2	8	17	9	23	26	13	8	20	3
gene-185	2	2	0	0	1	0	1	0	1	0	1	0
gene-186	71	56	48	57	169	89	261	129	86	54	90	15
gene-187	115	141	84	70	239	143	208	208	159	54	124	39
gene-188	0	0	0	0	0	0	0	0	0	0	0	0
gene-189	920	852	959	3450	6475	2649	4770	1429	1384	1857	2435	1958
gene-190	12	17	13	18	97	27	23	21	12	30	42	32
gene-191	1	0	0	0	0	3	6	8	7	0	2	2
gene-192	1	4	2	0	4	2	4	3	3	2	0	1
gene-193	16	16	27	58	199	65	95	35	40	34	61	41
gene-194	20	35	21	29	175	56	27	42	22	71	105	37
gene-195	0	0	0	0	0	0	0	0	0	0	0	0
gene-196	0	0	0	0	0	0	0	0	0	0	2	0
gene-197	69	84	88	748	1277	554	450	456	279	250	253	109
gene-198	2	0	0	0	2	3	2	0	3	1	1	0
gene-199	110	148	217	496	503	252	429	168	131	309	180	279
gene-200	0	0	1	2	6	2	1	4	1	10	4	10
gene-201	2	1	1	2	0	1	2	3	0	8	2	2
gene-202	9425	8749	12372	14315	18712	9814	48550	16886	13121	11223	8526	9915
gene-203	85	95	133	70	132	64	292	106	126	100	97	89
gene-204	1263	1119	1823	3576	4210	2324	2385	1268	968	3016	1940	2361
gene-205	11	10	5	28	34	20	25	7	6	38	23	27
gene-206	1	1	1	5	5	1	2	0	2	0	3	0
gene-207	92	94	100	281	361	202	213	147	79	276	177	162
gene-208	0	1	0	0	2	0	2	0	1	0	2	0
gene-209	10	20	12	8	13	9	28	15	3	4	11	2
gene-210	451	442	602	1812	1320	809	2087	636	458	921	567	870
gene-211	14	29	19	30	80	31	40	34	23	73	179	36
gene-212	935	807	821	2100	3515	1658	1000	625	581	1826	1471	1360
gene-213	15	18	14	29	61	20	19	10	9	19	28	10
gene-214	0	1	0	0	2	0	1	0	0	0	0	0
gene-215	0	1	1	3	2	0	1	4	0	1	0	0
gene-216	16	16	6	7	66	29	14	18	11	70	55	29
gene-217	4	10	6	21	67	28	5	22	6	110	71	43
gene-218	0	1	2	0	0	0	1	0	1	0	1	0
gene-219	108	79	65	24	57	21	109	78	51	40	106	19
gene-220	3	5	2	6	5	1	4	13	1	2	8	3
gene-221	35	35	15	18	73	26	20	49	28	40	62	30
gene-222	61	79	69	43	118	86	65	81	38	118	106	77
gene-223	91	140	47	47	229	101	36	84	57	214	221	92
gene-224	265	153	199	240	402	211	905	290	328	123	143	111
gene-225	21	17	20	10	21	18	16	16	18	13	21	11
gene-226	418	460	334	272	916	414	697	771	481	766	868	368
gene-227	0	0	0	1	0	0	0	0	0	0	0	0
gene-228	173	158	104	100	296	162	146	329	152	234	219	98
gene-229	18398	16281	16732	6461	22709	12828	16742	22465	12190	9898	14556	6345
gene-230	15	27	13	100	163	66	36	11	19	208	78	133
gene-231	20	23	32	297	191	103	82	7	11	202	88	162
gene-232	348	438	374	2617	4819	2002	811	479	474	4937	3512	3205
gene-233	0	1	1	12	6	5	0	1	0	14	4	7
gene-234	3	3	5	13	12	4	1	1	0	18	13	13
gene-235	325	364	345	1734	2987	1294	647	373	305	2816	2068	2237
gene-236	227	189	193	185	439	244	250	249	170	231	216	162
gene-237	313	327	156	178	768	343	204	375	272	416	548	210
gene-238	4	13	4	2	7	5	6	0	3	3	4	0
gene-239	1985	1829	2016	2673	4341	2074	4035	2406	1699	1710	2118	1424
gene-240	97	83	74	20	42	33	90	54	39	26	55	19
gene-241	36148	25456	39334	17067	30064	14025	79593	37528	24566	10295	14057	10445
gene-242	165	134	96	26	99	53	104	107	77	43	61	29
gene-243	28072	19590	29675	12539	20845	11878	74279	27758	19802	6940	11119	7416
gene-244	6	6	1	17	42	11	15	9	3	25	16	15
gene-245	423	302	372	1264	1269	857	646	417	374	1104	538	1036
gene-246	6	3	7	5	12	5	24	1	7	14	14	12
gene-247	0	0	0	0	0	0	0	0	0	0	0	0
gene-248	3	1	2	13	18	5	17	5	3	10	2	4
gene-249	36	32	34	160	200	100	138	91	65	104	61	86
gene-250	1	2	4	17	11	10	13	7	6	9	5	10
gene-251	22	19	18	131	131	81	113	44	27	71	46	72
gene-252	11	14	14	26	34	11	16	7	15	7	7	15
gene-253	330	268	226	669	989	502	346	355	265	544	302	433
gene-254	0	0	0	0	0	0	2	0	0	3	0	1
gene-255	586	565	422	638	1470	738	665	750	447	1168	979	753
gene-256	2	0	2	9	11	2	5	4	4	9	7	9
gene-257	0	1	2	0	2	1	2	1	3	1	1	1
gene-258	0	1	0	0	1	1	0	0	0	0	0	0
gene-259	2	3	2	0	14	7	10	9	8	10	14	7
gene-260	0	0	0	0	0	0	1	1	1	0	0	0
gene-261	0	0	0	0	0	1	0	0	0	0	0	0
gene-262	0	0	0	0	0	0	0	0	0	0	0	0
gene-263	0	0	0	0	0	0	0	0	0	0	0	0
gene-264	1	0	1	0	0	1	1	4	1	0	0	0
gene-265	0	0	0	0	0	0	0	0	0	0	0	0
gene-266	0	0	0	0	0	0	0	0	0	0	0	0
gene-267	0	0	0	0	0	0	0	0	0	0	0	0
gene-268	0	0	0	0	0	0	0	0	0	0	0	0
gene-269	0	0	0	0	0	0	0	0	0	0	0	0
gene-270	41	41	27	42	67	33	55	46	35	40	41	25
gene-271	406	400	330	157	587	249	564	455	285	359	505	199
gene-272	14	29	21	3	9	9	12	26	11	11	7	0
gene-273	480	363	241	82	399	217	543	463	335	136	278	85
gene-274	0	0	0	0	0	0	0	0	0	0	0	0
gene-275	0	0	0	0	0	0	0	0	0	0	0	0
gene-276	0	0	0	0	0	0	1	0	0	0	0	0
gene-277	0	0	0	0	0	0	0	0	0	0	0	0
gene-278	0	0	0	0	0	0	0	0	0	0	0	0
gene-279	0	0	0	0	0	0	0	0	0	0	0	0
gene-280	0	0	0	0	0	0	0	0	0	0	0	0
gene-281	0	0	0	0	0	0	0	0	0	0	0	0
gene-282	0	0	1	0	1	2	0	0	0	1	1	0
gene-283	6	6	3	2	16	10	2	11	7	6	8	5
gene-284	1	0	2	0	1	0	0	0	0	2	0	1
gene-285	13	13	21	14	24	11	12	12	5	16	17	17
gene-286	5	3	5	10	9	2	13	5	5	7	8	8
gene-287	2241	1866	1871	4253	6674	3677	4313	2819	2057	3426	2597	3015
gene-288	0	0	0	0	0	0	0	0	0	0	0	0
gene-289	0	0	0	0	0	0	0	0	0	0	0	0
gene-290	0	0	0	0	0	0	0	0	0	0	0	0
gene-291	0	0	0	0	0	0	0	1	0	0	0	0
gene-292	0	0	0	0	0	0	0	0	0	0	0	1
gene-293	117	89	107	414	398	198	338	149	116	265	150	189
gene-294	0	2	1	5	3	2	2	6	0	1	0	0
gene-295	0	0	0	0	0	0	0	0	0	0	0	0
gene-296	0	1	0	0	1	0	0	0	1	0	0	0
gene-297	2	3	5	4	3	4	11	2	3	3	2	2
gene-298	0	1	1	0	1	0	0	1	0	0	1	0
gene-299	1	2	0	3	4	0	5	2	1	2	8	2
gene-300	1	1	3	4	5	3	6	6	2	5	3	3
gene-301	0	1	0	8	7	4	1	1	1	3	1	1
gene-302	0	2	2	2	6	1	9	4	1	1	1	3
gene-303	0	0	1	5	2	1	3	0	3	0	2	0
gene-304	1	0	3	3	2	1	2	3	0	2	1	0
gene-305	4	5	4	8	13	9	6	7	6	3	2	1
gene-306	0	0	0	0	0	0	0	0	0	0	0	0
gene-307	0	0	0	1	2	0	2	0	0	0	0	0
gene-308	0	1	1	0	1	0	0	2	4	6	12	6
gene-309	5	2	6	6	17	6	10	10	4	15	7	13
gene-310	45	60	24	4	75	23	30	78	20	47	66	17
gene-311	7	3	6	12	7	5	14	6	3	1	2	0
gene-312	0	0	0	0	0	0	0	0	0	0	0	0
gene-313	5	1	2	0	5	2	11	1	1	3	0	1
gene-314	116	113	52	133	440	204	111	133	105	271	221	188
gene-315	0	0	0	0	0	0	0	0	0	3	1	3
gene-316	0	0	0	0	0	0	0	0	0	1	0	2
gene-317	0	0	0	0	0	0	0	0	0	0	0	0
gene-318	3	2	1	0	2	2	0	1	2	3	2	1
gene-319	10	8	7	7	10	9	11	3	5	1	2	4
gene-320	3	8	2	2	4	3	7	0	3	3	0	1
gene-321	10	9	8	4	22	13	19	13	10	11	8	14
gene-322	4	6	8	5	16	7	20	4	6	5	4	5
gene-323	0	0	0	0	0	0	0	0	0	0	1	0
gene-324	2	4	6	14	7	2	8	3	0	16	6	21
gene-325	0	0	0	0	0	0	1	0	1	3	0	0
gene-326	1	1	2	2	4	3	0	1	0	9	5	8
gene-327	30	14	23	114	54	30	29	46	26	20	32	28
gene-328	0	1	0	0	1	0	0	3	0	0	0	0
gene-329	0	0	0	0	0	0	3	2	0	0	0	0
gene-330	0	0	0	0	0	0	0	0	0	0	0	0
gene-331	1	0	0	0	0	1	0	1	0	0	0	0
gene-332	0	0	0	0	0	0	0	0	0	0	0	0
gene-333	0	0	0	0	9	0	0	2	1	0	0	1
gene-334	5	0	1	0	1	0	0	3	2	0	0	4
gene-335	0	0	0	0	0	0	0	0	0	0	0	0
gene-336	0	0	0	0	0	0	0	0	0	0	0	0
gene-337	9	8	11	8	10	6	24	2	10	0	3	0
gene-338	13	7	6	7	12	9	10	7	7	8	10	5
gene-339	0	0	0	0	0	0	0	0	0	0	0	0
gene-340	0	0	0	0	0	0	1	0	0	1	4	0
gene-341	0	1	1	0	1	1	1	0	1	0	0	1
gene-342	0	0	0	0	0	0	0	0	0	0	0	0
gene-343	0	0	0	0	0	0	0	0	0	0	0	0
gene-344	4	7	10	41	27	12	29	5	4	15	11	12
gene-345	0	0	0	0	0	0	0	0	0	0	0	0
gene-346	0	0	0	0	5	0	0	0	1	0	0	1
gene-347	0	0	0	1	0	0	1	0	0	0	1	0
gene-348	0	0	0	0	0	0	0	0	0	0	0	0
gene-349	1	0	0	0	0	0	0	0	0	0	0	0
gene-350	7	5	7	8	7	10	7	1	1	5	3	4
gene-351	0	1	2	4	1	0	1	3	1	3	0	1
gene-352	1	3	4	32	24	20	11	2	4	50	28	48
gene-353	0	0	0	3	2	4	0	2	0	0	1	3
gene-354	148	138	253	1201	1559	802	681	234	233	1018	768	1000
gene-355	1	1	0	1	0	0	0	0	0	2	0	0
gene-356	65	54	59	253	479	167	173	89	85	163	228	135
gene-357	0	0	0	0	0	0	0	0	0	0	0	0
gene-358	1	0	0	0	1	1	4	0	0	0	0	0
gene-359	0	0	0	0	0	0	0	0	2	0	0	1
gene-360	0	1	0	8	4	1	1	1	1	2	5	1
gene-361	0	0	0	0	0	0	0	0	0	0	0	0
gene-362	15	8	14	80	59	31	76	25	25	24	21	19
gene-363	87	73	156	661	524	253	1143	164	204	208	118	230
gene-364	1	2	0	1	10	5	4	4	3	1	3	2
gene-365	0	0	0	0	0	0	0	0	1	0	0	0
gene-366	1046	854	679	528	1637	805	1947	1713	1083	635	932	473
gene-367	1586	1412	1337	3259	12375	3827	3677	1989	2107	2872	4737	3324
gene-368	886	927	706	1313	7312	1901	3912	1468	1524	1454	4202	1794
gene-369	791	704	666	1627	6175	1910	1838	993	1052	1430	2366	1661
gene-370	133	86	94	71	901	248	213	156	122	173	457	148
gene-371	208	242	141	270	678	232	267	213	167	498	467	259
gene-372	0	0	0	0	0	0	0	0	0	0	0	0
gene-373	5	5	10	4	12	7	20	20	8	4	6	3
gene-374	5	4	2	0	2	1	4	1	1	1	0	0
gene-375	1184	1223	682	619	2445	1093	934	1554	840	1893	1877	880
gene-376	0	0	0	0	0	0	0	0	0	0	0	0
gene-377	0	0	0	0	0	0	0	0	0	0	0	0
gene-378	48	41	32	114	128	54	121	58	73	77	57	54
gene-379	0	0	0	0	0	1	3	3	1	2	1	1
gene-380	0	0	1	3	0	1	0	0	0	1	0	1
gene-381	284	230	190	451	1024	511	652	385	312	419	779	362
gene-382	5	4	5	26	39	15	11	9	7	20	21	9
gene-383	611	493	566	1441	1949	966	1706	635	587	646	877	768
gene-384	7	4	13	17	34	14	12	4	6	7	13	8
gene-385	648	371	403	280	644	392	1751	863	620	139	287	166
gene-386	0	0	0	0	0	0	0	0	1	0	1	0
gene-387	0	0	0	0	0	1	0	0	0	1	1	0
gene-388	1	1	0	10	23	15	0	2	1	25	13	11
gene-389	49	130	114	309	292	141	20	17	13	1832	869	1139
gene-390	1670	3641	1938	5183	12342	5281	446	457	278	88502	29129	32540
gene-391	115	61	72	141	284	186	219	82	116	374	209	311
gene-392	1	0	0	0	0	0	0	0	0	0	0	0
gene-393	0	1	1	2	4	2	0	0	0	10	4	4
gene-394	0	0	0	0	0	0	0	0	0	0	0	0
gene-395	0	0	0	0	0	0	1	0	1	0	3	2
gene-396	13	10	14	10	46	16	83	31	28	102	34	47
gene-397	1	0	0	4	6	3	1	1	1	0	1	1
gene-398	65	40	35	87	307	119	277	248	146	21	82	18
gene-399	24	29	20	79	38	16	304	30	63	37	30	30
gene-400	0	0	0	0	0	0	0	0	0	0	0	0
gene-401	0	0	0	0	0	0	0	0	0	0	0	0
gene-402	0	1	0	0	0	0	0	0	0	0	0	0
gene-403	0	0	0	0	0	0	0	0	0	0	0	0
gene-404	0	0	0	2	1	0	2	0	0	2	0	0
gene-405	0	0	0	0	0	0	0	0	0	0	0	0
gene-406	21	18	17	15	31	5	17	6	9	16	21	6
gene-407	31445	26781	17738	6683	35285	18995	18228	31894	18692	20016	20182	12798
gene-408	3	0	2	1	3	2	2	4	5	1	2	1
gene-409	5975	4783	4145	1405	5597	3203	8063	7787	4148	1748	3450	1513
gene-410	156	155	112	1144	1846	833	232	265	179	1218	812	717
gene-411	2	1	4	4	3	3	1	3	0	9	2	2
gene-412	0	0	1	0	0	0	0	0	0	0	0	0
gene-413	3	6	0	5	20	12	18	20	13	4	6	3
gene-414	2	6	3	2	2	1	0	7	0	5	8	2
gene-415	22	11	24	8	17	4	34	6	3	9	20	14
gene-416	0	0	0	0	0	0	0	0	0	0	0	0
gene-417	4	2	5	257	189	50	1	16	5	130	55	100
gene-418	0	0	0	0	0	0	0	0	0	0	0	0
gene-419	54	90	67	69	460	128	169	66	71	121	354	96
gene-420	12	10	6	36	100	23	75	24	20	20	72	20
gene-421	0	0	0	0	0	0	0	0	0	0	0	0
gene-422	0	1	0	4	1	0	0	1	1	0	0	1
gene-423	0	0	0	0	0	0	0	0	0	0	0	0
gene-424	0	0	0	0	0	0	0	0	0	0	0	0
gene-425	0	0	0	0	0	0	0	0	0	0	0	0
gene-426	0	0	0	0	0	0	0	0	0	0	0	0
gene-427	0	0	0	0	0	0	0	0	0	0	0	0
gene-428	0	0	0	0	0	0	0	0	0	0	0	0
gene-429	0	0	0	0	0	0	0	0	0	0	0	0
gene-430	0	1	0	0	0	0	0	0	0	1	0	0
gene-431	0	0	0	0	0	0	0	0	0	2	0	0
gene-432	0	0	0	0	1	1	0	0	2	0	0	0
gene-433	263	307	250	1140	2004	810	1281	652	484	911	1110	643
gene-434	0	0	0	0	0	0	0	0	0	0	0	0
gene-435	9	12	15	11	11	5	21	4	7	2	6	2
gene-436	27	14	32	35	75	34	205	90	70	10	13	10
gene-437	13	8	4	8	31	23	10	26	20	15	22	1
gene-438	2	1	1	0	0	0	0	0	0	0	1	0
gene-439	0	0	2	0	0	0	0	0	0	0	1	0
gene-440	0	1	0	0	0	0	0	0	0	1	0	0
gene-441	0	1	0	1	5	2	7	0	0	0	1	2
gene-442	2	0	0	1	11	7	2	2	3	5	4	2
gene-443	4968	4754	6396	24441	22181	12154	21347	8906	6454	10243	7058	7657
gene-444	3	1	1	2	5	1	0	2	1	5	4	1
gene-445	2	1	1	0	3	2	0	2	1	3	3	1
gene-446	989	866	724	1578	2766	1252	1495	985	713	3775	2645	2563
gene-447	11	6	12	23	31	20	13	7	4	86	34	31
gene-448	158	129	141	1505	2287	1180	286	357	258	1014	673	802
gene-449	4	2	1	56	43	29	10	5	8	18	10	8
gene-450	67	50	72	1367	944	481	323	201	125	356	274	326
gene-451	0	0	1	28	23	10	3	2	3	3	2	2
gene-452	3	6	2	21	67	22	6	17	6	31	27	7
gene-453	1	1	0	12	9	3	13	6	3	1	2	0
gene-454	0	0	0	0	0	0	0	0	0	1	0	0
gene-455	119	83	101	928	1077	537	594	308	229	216	222	278
gene-456	419	331	227	342	903	410	320	501	280	474	484	299
gene-457	2	4	5	2	7	4	3	9	4	2	1	4
gene-458	307	374	306	727	1416	693	255	356	212	1528	1011	921
gene-459	3	11	25	35	38	24	26	8	16	10	8	17
gene-460	3	6	1	9	8	6	5	5	2	9	5	2
gene-461	37	25	25	78	110	61	129	48	15	56	49	46
gene-462	753	816	913	2258	4005	1890	2365	1609	1019	2466	1874	1980
gene-463	7353	6476	7764	12307	14852	7827	11132	6974	5219	6744	5780	6829
gene-464	244	226	284	151	308	126	482	168	163	104	160	109
gene-465	0	0	2	0	2	1	0	1	2	1	1	0
gene-466	13	29	24	42	65	17	36	28	21	28	20	17
gene-467	9257	10089	10470	40597	50962	24426	31864	17365	11256	21312	17192	18456
gene-468	7	8	7	7	26	14	15	5	6	12	7	5
gene-469	2585	2688	2328	3852	7919	3904	3875	3854	2463	5093	5304	3811
gene-470	319	263	230	586	948	515	736	521	347	852	664	594
gene-471	53	45	73	101	177	77	219	80	84	47	44	53
gene-472	2788	3196	3607	9701	14022	7948	4583	3797	2923	15475	7787	11192
gene-473	32	45	53	80	111	37	44	27	35	81	37	58
gene-474	0	0	0	0	0	0	0	0	0	0	0	0
gene-475	25	24	39	443	354	172	103	42	30	206	95	200
gene-476	27	28	19	268	381	183	70	46	49	292	269	271
gene-477	0	0	0	1	0	0	0	0	0	1	0	0
gene-478	1	3	2	10	12	2	4	2	1	11	8	4
gene-479	24	24	10	11	30	7	42	37	19	9	11	6
gene-480	4011	3567	1928	524	4298	2003	2685	5933	3137	965	2574	638
gene-481	0	0	0	0	0	0	0	0	0	0	0	0
gene-482	0	0	0	0	0	0	0	0	0	0	0	0
gene-483	1838	2031	1292	484	1749	949	3880	2098	1355	1309	1404	464
gene-484	3794	3400	2597	902	3738	2103	5589	6246	3654	1047	2410	768
gene-485	204	199	138	49	282	115	523	302	192	133	239	46
gene-486	856	815	685	289	765	460	1887	1316	743	260	583	162
gene-487	3442	3491	3148	1144	4462	2021	8277	5557	3061	1498	2723	1010
gene-488	53847	39032	64279	27710	48331	26934	214787	78688	55204	7703	16938	9891
gene-489	0	0	0	0	0	0	0	0	0	0	0	0
gene-490	0	0	0	0	0	0	0	0	0	0	0	0
gene-491	5218	4898	5418	2429	7607	4041	18962	9493	6011	1835	4438	1716
gene-492	11598	10088	11380	4222	12200	7415	30144	15787	12956	3531	5663	2941
gene-493	2307	2150	1639	765	2577	1232	6352	3427	1536	1352	2113	627
gene-494	266	287	161	34	270	115	158	332	190	93	149	56
gene-495	8220	9541	5826	1427	7915	4713	10802	14918	7913	4530	7096	1908
gene-496	174	234	153	48	193	85	225	320	224	80	275	50
gene-497	1670	1277	1715	1462	2344	959	3758	2277	1479	792	918	822
gene-498	807	702	784	836	2204	803	1254	1687	780	575	889	519
gene-499	22	34	14	6	34	13	21	39	12	53	28	12
gene-500	16	14	13	11	19	21	21	27	15	11	17	8
gene-501	11	17	7	3	17	6	11	19	6	27	14	6
gene-502	11	7	7	7	28	10	14	14	7	6	16	5
gene-503	11	17	7	3	17	6	11	19	6	27	14	6
gene-504	0	1	0	0	1	2	0	1	0	3	2	3
gene-505	12	13	15	11	19	14	7	22	20	8	16	13
gene-506	3451	2574	2720	3715	6744	3360	6926	4610	3044	2680	2704	2371
gene-507	59	51	48	414	612	311	140	60	58	532	352	453
gene-508	6	12	7	24	99	38	5	11	3	138	50	40
gene-509	1	1	1	2	3	2	3	2	1	5	4	5
gene-510	0	0	0	1	0	0	0	0	0	0	0	0
gene-511	219	253	124	106	539	224	443	484	344	82	168	42
gene-512	0	1	0	0	1	0	4	3	2	2	1	0
gene-513	2	1	0	0	5	4	1	1	3	0	3	0
gene-514	2	2	1	3	8	6	1	6	2	1	1	0
gene-515	5	4	6	8	17	7	16	17	14	4	10	5
gene-516	4	1	1	3	9	9	3	3	4	4	4	1
gene-517	0	0	0	6	5	1	2	1	0	4	2	3
gene-518	145	150	150	1131	1455	723	930	321	304	1178	960	847
gene-519	2	4	1	4	1	5	1	0	0	6	15	6
gene-520	57	32	16	56	157	58	64	63	25	108	123	57
gene-521	78	60	65	170	225	117	189	60	49	94	82	75
gene-522	5	15	3	21	52	29	15	5	10	29	31	12
gene-523	3	7	3	13	20	13	12	9	6	15	8	2
gene-524	12	6	5	6	17	6	25	7	3	8	9	5
gene-525	22	16	24	29	47	25	102	51	34	27	27	10
gene-526	45	28	41	39	126	48	195	94	79	37	36	16
gene-527	0	0	0	0	0	0	0	0	0	0	0	1
gene-528	2	1	0	3	3	1	10	4	1	4	9	3
gene-529	1	0	1	1	1	0	0	0	0	0	0	0
gene-530	15	9	11	11	18	13	45	33	8	16	16	2
gene-531	0	0	0	0	0	0	1	0	0	0	1	0
gene-532	0	1	0	1	1	2	0	0	0	1	1	0
gene-533	9	5	16	20	23	13	17	6	8	8	5	15
gene-534	1	1	0	0	0	0	1	1	1	1	0	2
gene-535	1	1	0	1	2	0	2	0	0	0	2	2
gene-536	0	0	0	0	0	0	0	0	0	0	0	0
gene-537	0	0	0	0	0	0	0	0	0	0	0	0
gene-538	0	1	1	2	3	1	0	2	0	2	6	3
gene-539	0	0	0	0	0	0	0	0	0	0	0	0
gene-540	2	0	1	0	1	1	1	1	1	0	0	0
gene-541	0	0	0	0	0	0	0	0	0	0	1	0
gene-542	0	0	0	0	0	0	0	0	0	0	0	0
gene-543	61	37	23	7	57	41	49	63	47	30	25	13
gene-544	0	1	1	2	5	1	0	0	0	0	1	0
gene-545	0	0	0	0	0	0	0	0	0	2	0	0
gene-546	0	0	0	0	1	0	3	1	0	2	1	1
gene-547	5	2	3	11	13	6	13	12	1	7	1	1
gene-548	0	0	0	0	0	0	0	0	0	0	0	0
gene-549	0	0	0	0	0	0	0	0	0	0	0	0
gene-550	0	0	1	0	0	0	0	0	2	0	0	1
gene-551	1	7	8	8	10	4	4	6	4	2	4	3
gene-552	0	0	0	0	0	2	0	1	0	0	0	2
gene-553	0	1	0	3	2	2	2	0	0	1	4	0
gene-554	71	42	46	257	181	79	65	93	57	248	96	202
gene-555	47	47	28	60	171	72	92	97	62	119	67	77
gene-556	2	0	1	1	0	1	0	0	0	0	1	1
gene-557	0	0	1	0	0	1	0	0	0	0	0	0
gene-558	0	0	0	0	0	0	0	1	1	0	0	4
gene-559	0	0	0	0	0	0	0	0	0	0	1	0
gene-560	0	0	0	0	0	0	0	0	0	1	1	1
gene-561	0	0	0	0	0	0	0	0	0	0	0	0
gene-562	0	0	0	0	0	0	0	0	0	0	0	0
gene-563	1	2	4	6	53	9	6	3	0	39	12	13
gene-564	0	1	4	4	1	0	1	0	2	9	1	4
gene-565	0	0	0	0	1	0	0	0	0	0	0	0
gene-566	0	0	0	0	0	0	0	0	0	0	0	0
gene-567	0	0	0	0	0	0	0	0	0	0	0	0
gene-568	0	0	0	0	0	0	0	0	0	0	0	0
gene-569	2	5	0	4	2	0	0	2	4	1	6	4
gene-570	0	0	0	0	0	0	0	0	0	0	0	0
gene-571	2	7	14	29	36	16	24	7	6	16	5	10
gene-572	0	0	0	0	0	0	0	0	0	0	0	0
gene-573	0	0	0	1	1	0	0	0	0	0	0	0
gene-574	1	0	0	0	1	0	2	0	0	1	2	0
gene-575	0	0	0	0	0	0	0	0	0	0	0	0
gene-576	0	3	1	0	0	0	3	4	0	1	0	0
gene-577	0	0	0	1	0	0	1	0	0	0	0	0
gene-578	0	0	0	0	0	0	0	0	0	0	0	0
gene-579	0	0	0	0	0	0	3	0	0	0	0	0
gene-580	0	0	0	0	0	0	0	0	0	0	1	0
gene-581	0	0	0	8	4	6	2	0	0	0	0	5
gene-582	0	0	0	0	0	0	0	0	0	0	0	0
gene-583	0	0	0	0	0	0	0	0	0	0	0	0
gene-584	5	3	6	184	151	65	19	6	8	39	28	25
gene-585	0	0	0	4	0	0	0	0	0	0	0	0
gene-586	6	3	0	12	10	7	11	3	1	3	4	7
gene-587	0	2	0	0	0	0	2	1	0	0	2	0
gene-588	0	0	0	0	0	0	0	0	0	0	0	0
gene-589	1	0	0	1	2	1	0	0	0	2	1	1
gene-590	0	0	0	0	1	0	0	0	0	0	0	0
gene-591	0	0	0	0	0	0	0	0	0	1	0	0
gene-592	2	4	1	4	10	2	6	4	5	3	3	0
gene-593	0	0	1	0	2	0	0	1	3	3	1	1
gene-594	6	6	4	1	6	2	7	5	3	1	0	2
gene-595	0	0	2	0	0	0	0	0	0	0	1	0
gene-596	0	0	0	0	0	0	0	0	0	0	0	0
gene-597	1	0	3	3	0	2	0	0	0	0	2	0
gene-598	1	0	0	5	1	0	7	0	2	1	1	1
gene-599	0	0	0	0	0	0	0	0	0	0	0	0
gene-600	0	1	0	0	0	0	0	0	0	0	0	0
gene-601	0	0	0	0	0	0	0	0	0	0	0	0
gene-602	0	0	0	1	1	1	0	0	0	0	1	1
gene-603	0	0	0	0	0	0	0	0	0	0	0	0
gene-604	0	0	0	0	1	1	0	0	0	0	0	0
gene-605	0	0	0	0	0	0	0	0	0	0	0	0
gene-606	7	2	3	1	4	2	6	8	4	1	5	1
gene-607	0	0	0	0	0	0	0	0	0	0	0	0
gene-608	1	0	0	0	0	0	0	1	0	1	1	0
gene-609	0	0	0	0	0	0	0	0	0	0	0	0
gene-610	0	0	0	0	0	0	0	0	0	0	0	0
gene-611	0	0	0	0	0	0	0	0	0	0	0	0
gene-612	1	0	1	0	0	0	1	0	0	0	0	0
gene-613	0	0	0	0	0	1	5	0	0	0	0	1
gene-614	1	2	0	7	3	0	10	5	2	8	1	7
gene-615	0	0	0	0	2	0	1	0	1	1	0	0
gene-616	1	0	1	0	3	2	1	0	1	1	3	1
gene-617	0	1	0	2	4	0	1	1	0	2	1	0
gene-618	0	0	0	0	0	0	2	1	0	0	2	1
gene-619	0	0	0	0	0	0	0	0	0	1	0	0
gene-620	9	6	6	121	125	68	73	16	15	39	21	30
gene-621	0	0	0	0	0	0	0	0	0	0	0	0
gene-622	607	467	731	1327	1623	843	2665	1182	934	1333	805	1207
gene-623	8662	5825	5525	13688	27407	14110	29158	18445	13479	28586	14877	18212
gene-624	46	33	62	131	163	71	358	80	89	49	53	52
gene-625	678	842	397	318	1764	738	411	1075	545	2707	1580	884
gene-626	7	15	18	20	37	18	65	22	17	24	18	16
gene-627	69	83	98	212	306	107	332	212	142	219	93	155
gene-628	9435	8744	8524	15292	24145	13488	15670	15166	9697	17568	14036	15885
gene-629	28	36	25	57	126	59	136	86	78	57	62	38
gene-630	10672	8756	12353	22653	27229	14438	41893	19251	13171	16470	10363	14320
gene-631	545	550	812	1933	1882	961	1782	766	613	1050	628	1009
gene-632	6664	5478	3282	9671	24588	10846	9995	9071	5841	16001	12245	9284
gene-633	0	0	0	4	1	0	0	0	0	1	0	0
gene-634	1	4	1	0	0	0	4	3	2	3	1	1
gene-635	109	133	84	46	195	96	130	216	147	47	86	47
gene-636	0	0	0	0	0	0	0	0	0	0	0	0
gene-637	0	0	0	0	0	0	0	0	0	0	0	0
gene-638	0	0	0	4	0	0	0	0	0	0	0	0
gene-639	0	1	0	0	0	0	0	0	0	0	0	0
gene-640	6	11	8	14	43	13	22	19	10	76	25	20
gene-641	2	7	3	8	19	13	4	8	11	9	13	5
gene-642	0	2	2	1	6	0	4	2	2	2	0	0
gene-643	13	8	18	40	47	14	72	38	19	10	17	11
gene-644	1	1	0	1	1	2	3	3	1	1	1	0
gene-645	0	0	0	0	1	0	0	0	1	0	0	0
gene-646	0	0	0	0	0	0	0	0	0	0	0	0
gene-647	0	0	0	0	0	0	0	0	0	0	0	0
gene-648	4	4	0	0	4	3	4	3	0	1	1	0
gene-649	0	0	0	0	0	0	0	0	0	0	0	0
gene-650	0	0	0	0	0	0	0	0	0	0	0	0
gene-651	0	0	0	0	0	0	0	0	0	0	0	0
gene-652	0	0	0	0	0	0	0	0	0	0	0	0
gene-653	0	0	0	0	0	0	0	0	0	0	0	0
gene-654	2	0	0	0	0	0	1	0	0	0	0	0
gene-655	0	0	0	0	2	0	0	0	0	0	1	1
gene-656	0	0	0	0	0	0	0	0	0	0	0	0
gene-657	0	1	1	5	4	1	0	2	0	7	2	2
gene-658	0	0	1	1	1	0	2	3	0	0	0	0
gene-659	1	1	2	1	6	0	0	0	2	1	0	0
gene-660	0	0	0	0	0	0	0	0	0	0	0	0
gene-661	0	0	0	0	0	0	0	0	0	0	0	0
gene-662	0	0	0	0	0	0	0	0	0	0	0	0
gene-663	6	14	15	8	7	6	29	6	8	19	17	10
gene-664	76	69	44	141	304	147	258	143	114	230	256	110
gene-665	1350	958	1308	3621	4443	2317	4043	2226	1590	1367	1110	1696
gene-666	0	0	0	0	0	0	0	0	0	0	0	0
gene-667	503	507	647	6631	6441	4053	1112	478	527	6200	3062	5309
gene-668	86	96	49	835	1623	869	104	104	72	2110	1464	817
gene-669	152	96	162	1387	1227	612	611	238	215	455	432	501
gene-670	1	1	6	13	14	7	9	4	2	5	2	2
gene-671	46	42	22	44	97	34	16	46	26	69	71	35
gene-672	20	20	10	15	47	22	18	19	6	44	45	16
gene-673	1	1	0	2	2	0	2	1	1	2	2	2
gene-674	0	0	2	23	16	8	11	4	1	4	9	7
gene-675	6	7	9	21	53	35	12	26	14	100	88	21
gene-676	0	0	0	0	0	0	0	0	0	0	0	0
gene-677	0	0	0	0	0	0	0	0	0	0	0	0
gene-678	191	199	239	1134	1185	624	863	406	267	372	276	320
gene-679	0	0	0	0	7	0	0	0	0	0	0	0
gene-680	40	37	28	121	276	135	60	40	36	222	153	154
gene-681	35	28	24	142	308	134	28	30	22	289	185	183
gene-682	1	1	0	1	5	3	1	2	1	1	3	1
gene-683	27	15	5	19	81	40	45	48	25	27	41	10
gene-684	45	40	46	173	193	107	104	43	36	55	49	54
gene-685	27	17	26	146	177	81	79	48	35	111	73	96
gene-686	12	8	5	33	65	32	16	6	16	52	22	31
gene-687	2	1	4	7	10	7	4	7	0	11	12	6
gene-688	1199	1423	2050	5350	3583	1987	2415	743	669	491	760	571
gene-689	245	368	269	1337	2220	932	526	267	233	1459	1632	835
gene-690	1	4	0	5	31	11	0	6	1	65	37	16
gene-691	95	86	102	851	1038	407	299	130	93	665	392	588
gene-692	1	0	0	0	0	0	2	1	1	0	0	0
gene-693	1	1	1	0	3	3	7	7	2	0	0	0
gene-694	21	25	23	32	83	29	56	41	28	36	47	14
gene-695	284	294	228	267	839	414	325	462	265	312	372	209
gene-696	24	34	33	263	307	171	131	77	52	138	89	105
gene-697	622	716	769	7103	8429	4635	3260	1891	1646	4768	2516	3290
gene-698	93	88	111	577	920	427	373	181	161	780	505	533
gene-699	0	2	0	8	7	9	1	0	1	12	7	14
gene-700	38	50	40	98	249	101	20	44	26	451	219	195
gene-701	2	0	1	3	6	1	2	1	0	5	1	7
gene-702	0	0	0	0	0	0	0	0	0	0	0	0
gene-703	27	24	29	638	690	328	180	56	52	275	146	199
gene-704	0	0	0	0	1	0	0	0	0	1	0	0
gene-705	1	1	0	1	0	0	2	1	0	0	0	0
gene-706	0	0	0	0	0	0	0	0	0	0	0	0
gene-707	0	1	0	8	10	12	1	0	1	9	3	7
gene-708	0	0	0	0	1	0	0	0	0	0	0	0
gene-709	0	0	0	0	0	0	0	0	0	0	0	0
gene-710	0	0	0	0	0	0	0	0	0	0	0	0
gene-711	0	0	0	0	0	0	0	0	0	0	0	0
gene-712	2	1	1	24	10	12	2	1	3	4	5	10
gene-713	2	0	4	17	13	4	2	0	1	12	8	7
gene-714	0	0	0	0	0	0	0	0	0	0	0	0
gene-715	0	0	1	6	5	4	1	2	1	2	2	0
gene-716	0	0	0	0	0	0	0	0	0	1	0	0
gene-717	0	0	0	0	0	0	0	0	0	0	0	0
gene-718	0	0	0	0	0	0	0	0	0	0	0	0
gene-719	0	0	0	0	0	0	0	0	0	0	0	0
gene-720	0	0	0	0	0	0	0	0	0	0	0	0
gene-721	0	0	0	0	0	0	0	0	0	0	0	0
gene-722	107	99	107	692	713	373	265	170	98	313	265	230
gene-723	14	19	14	37	139	54	16	13	10	121	55	42
gene-724	0	0	0	0	0	0	1	0	0	0	1	0
gene-725	6	2	4	4	12	13	11	7	11	1	5	5
gene-726	7	6	4	21	16	14	22	14	7	12	9	10
gene-727	13	11	13	28	23	20	33	24	11	14	8	23
gene-728	2	0	0	1	2	1	0	0	0	2	0	0
gene-729	0	0	0	0	0	0	0	0	0	0	1	0
gene-730	5	2	2	29	13	9	3	7	1	11	9	2
gene-731	62	62	63	356	429	182	128	145	87	949	473	703
gene-732	0	0	0	0	0	0	0	0	0	0	0	0
gene-733	1	2	1	0	2	0	4	0	2	3	3	1
gene-734	24	22	29	162	164	60	32	71	40	296	157	249
gene-735	4	0	2	9	6	4	11	6	3	14	5	12
gene-736	0	0	2	1	2	0	1	1	0	1	2	0
gene-737	3	0	0	2	1	0	3	0	1	1	0	0
gene-738	1	1	1	10	9	1	5	0	0	5	1	2
gene-739	0	1	0	0	1	0	1	0	2	0	0	1
gene-740	0	0	0	0	0	0	0	0	0	0	0	0
gene-741	2	2	0	0	10	3	0	2	2	8	6	3
gene-742	138	111	79	100	398	250	170	225	108	344	361	135
gene-743	6	10	6	118	153	84	20	21	11	130	35	46
gene-744	18	17	14	282	536	232	40	57	42	200	115	90
gene-745	1	0	1	11	36	19	6	7	3	46	18	14
gene-746	174	160	147	3218	5549	2747	470	432	404	2548	1418	1379
gene-747	24	34	14	8	71	31	9	45	18	150	71	23
gene-748	5	12	11	11	28	17	11	6	6	14	10	12
gene-749	17	17	22	296	208	103	39	9	14	120	80	87
gene-750	675	678	1042	17114	15360	7736	2006	1074	857	7286	3928	6696
gene-751	3867	3033	3302	4115	14522	3244	1742	11256	6730	11066	2958	6409
gene-752	0	0	0	0	2	0	0	0	0	0	0	0
gene-753	0	0	0	0	0	1	0	0	0	0	0	0
gene-754	1	2	0	1	4	3	1	0	2	0	0	0
gene-755	2	1	0	1	3	3	1	8	5	0	0	0
gene-756	0	0	0	0	0	0	0	2	0	0	0	0
gene-757	0	0	0	0	0	0	0	0	1	0	0	0
gene-758	0	0	0	0	0	0	0	0	0	0	0	0
gene-759	0	0	0	1	2	1	1	5	0	2	0	1
gene-760	1	0	0	1	0	0	1	1	0	0	1	0
gene-761	152	130	183	565	523	261	842	313	225	295	194	339
gene-762	252	229	154	290	713	385	199	348	220	415	361	273
gene-763	0	0	0	0	0	1	0	0	0	0	0	0
gene-764	0	1	0	0	0	0	0	0	0	0	0	0
gene-765	13	12	2	19	58	32	8	25	9	92	57	43
gene-766	94	88	94	184	418	209	237	260	213	305	181	214
gene-767	0	0	0	0	0	0	0	0	0	0	0	0
gene-768	0	0	0	0	0	0	0	0	0	0	0	0
gene-769	2228	1827	1726	716	1971	1021	4723	2839	1980	621	1326	642
gene-770	304	273	323	114	230	137	606	343	249	64	124	59
gene-771	6	7	13	14	31	8	58	14	17	3	3	0
gene-772	1	1	3	6	9	2	34	3	14	12	3	5
gene-773	54	76	43	22	123	55	54	95	47	283	120	91
gene-774	0	1	0	0	2	1	0	1	0	1	0	3
gene-775	0	0	0	0	0	0	0	0	0	0	0	0
gene-776	210	220	124	408	1243	587	266	276	195	1259	1133	733
gene-777	35	25	29	161	267	158	123	57	37	178	137	150
gene-778	208	175	272	2019	2333	917	1122	429	342	1430	894	1249
gene-779	2	6	2	26	57	29	22	13	6	30	17	24
gene-780	0	0	0	0	0	0	0	0	0	0	0	0
gene-781	131	165	153	562	985	518	322	208	144	753	552	353
gene-782	0	0	0	0	0	1	0	0	0	0	0	0
gene-783	0	0	0	2	2	0	0	0	0	2	2	1
gene-784	29	38	25	20	21	16	51	39	32	8	24	17
gene-785	0	0	0	0	0	0	0	0	0	0	0	0
gene-786	1	2	0	7	27	8	6	0	2	17	33	6
gene-787	3	7	4	24	41	21	19	4	4	38	31	17
gene-788	33	42	36	71	193	116	121	97	62	305	226	135
gene-789	2	2	2	12	21	7	9	4	5	24	13	13
gene-790	7	8	0	23	39	17	10	8	9	59	37	23
gene-791	0	1	0	2	2	0	1	0	1	3	1	1
gene-792	1	3	1	5	18	6	1	3	4	26	27	12
gene-793	1	3	4	7	16	9	3	3	1	16	11	9
gene-794	286	329	335	2189	1991	1040	1098	369	368	975	596	722
gene-795	0	0	2	22	29	14	3	4	2	16	7	10
gene-796	1	2	2	15	13	10	7	4	2	9	5	5
gene-797	20	22	30	152	156	100	73	28	35	102	69	65
gene-798	29	19	17	141	147	71	67	31	23	55	28	32
gene-799	38	32	42	210	309	154	94	36	44	283	182	225
gene-800	491	399	592	6921	6049	2764	2486	590	644	5187	2638	4205
gene-801	24	21	11	113	221	99	58	24	27	180	162	85
gene-802	11	16	20	201	202	113	71	19	15	125	58	92
gene-803	81	94	74	876	953	447	620	170	161	1056	744	746
gene-804	0	0	0	1	6	3	0	0	0	2	0	0
gene-805	173	124	140	903	1294	717	419	186	207	841	557	795
gene-806	295	241	325	2724	2899	1541	1116	440	400	1569	1073	1656
gene-807	0	0	0	0	0	0	0	0	0	0	0	0
gene-808	1	5	4	194	157	66	30	10	5	4	3	4
gene-809	1	2	1	4	11	6	2	0	0	9	3	4
gene-810	3	5	0	2	3	4	3	0	2	4	7	6
gene-811	0	0	0	0	0	0	0	0	0	0	0	0
gene-812	0	0	0	0	0	0	0	0	0	0	0	0
gene-813	0	0	0	1	1	1	0	0	0	2	0	1
gene-814	152	48	35	141	67	50	84	88	73	44	33	20
gene-815	0	0	0	0	0	0	0	0	0	0	0	0
gene-816	0	0	0	0	0	0	0	0	0	0	0	0
gene-817	0	0	0	0	0	0	0	0	0	0	0	0
gene-818	0	0	0	0	0	0	0	0	0	0	0	0
gene-819	415	354	413	821	774	541	1273	778	508	207	205	179
gene-820	0	0	0	0	0	0	0	0	0	0	0	0
gene-821	0	1	0	0	2	1	1	1	2	3	1	1
gene-822	0	0	0	0	0	0	0	0	0	0	0	0
gene-823	354	269	418	3034	2535	1202	1678	531	418	1461	1101	1626
gene-824	101	89	89	582	1048	488	147	134	106	739	414	591
gene-825	126	115	88	449	1044	540	225	203	196	757	713	503
gene-826	7	1	4	51	55	25	40	2	18	21	20	12
gene-827	70	67	85	461	539	297	291	104	93	373	384	387
gene-828	215	227	261	1562	2728	1388	761	318	293	2942	1766	2089
gene-829	2	1	1	13	7	9	6	0	0	17	3	9
gene-830	35	42	29	304	369	143	98	27	38	137	79	158
gene-831	71	60	59	330	423	214	127	101	73	167	158	124
gene-832	1	0	0	2	1	3	0	0	0	1	2	0
gene-833	1723	1685	2186	4544	5149	2603	3855	1944	1346	2702	1962	2696
gene-834	509	447	839	2303	1910	786	2069	668	494	586	481	778
gene-835	12	12	4	36	32	32	10	14	11	41	26	36
gene-836	37	55	39	121	211	94	68	48	34	218	135	111
gene-837	102	99	82	165	401	149	204	132	103	189	369	119
gene-838	0	0	0	0	0	0	0	0	0	0	0	0
gene-839	17	20	25	156	203	85	49	36	32	128	69	77
gene-840	57	47	25	203	350	203	130	89	52	377	320	214
gene-841	0	0	0	0	0	0	0	0	0	0	0	0
gene-842	277	213	340	2165	2204	1158	1459	439	381	831	627	996
gene-843	2	3	2	17	23	20	12	7	3	31	34	20
gene-844	385	297	324	1659	2565	1376	859	604	493	1694	1301	1515
gene-845	214	147	188	1742	1916	929	1199	459	376	1488	905	1088
gene-846	0	1	1	1	1	0	5	1	2	2	2	2
gene-847	0	0	0	0	0	0	0	0	0	0	0	0
gene-848	0	0	0	0	0	0	0	0	0	0	0	0
gene-849	0	1	0	1	2	1	0	0	0	1	1	1
gene-850	0	0	0	0	1	0	1	0	0	1	0	0
gene-851	0	0	0	0	0	0	0	0	0	0	0	0
gene-852	0	0	0	0	0	0	0	0	1	0	0	0
gene-853	8	11	4	22	31	12	12	4	9	28	12	17
gene-854	1	0	0	0	6	2	0	1	0	5	9	4
gene-855	545	662	429	1511	3209	1420	1044	799	610	2111	1648	1572
gene-856	45	63	36	146	306	138	71	74	43	276	183	188
gene-857	79	63	55	90	252	96	72	91	65	238	156	154
gene-858	2	28	1	2	7	12	13	22	14	10	14	5
gene-859	0	0	0	0	0	0	0	0	0	0	0	0
gene-860	0	0	0	0	0	0	0	2	0	0	0	1
gene-861	0	0	0	6	2	3	3	0	2	1	1	1
gene-862	0	0	0	0	0	0	0	0	0	0	0	0
gene-863	79	115	148	163	370	130	69	38	43	1390	993	1325
gene-864	122	144	151	419	591	249	163	79	65	3989	1742	2444
gene-865	19	9	13	20	72	41	43	86	47	19	19	13
gene-866	20	11	13	2	39	26	32	40	33	21	11	15
gene-867	28	34	33	25	91	58	125	89	77	27	25	38
gene-868	25	20	41	27	80	73	125	87	89	28	19	41
gene-869	57	67	67	49	181	115	250	177	154	54	50	75
gene-870	145	139	247	168	346	279	1074	465	525	226	106	269
gene-871	55	67	67	48	180	114	250	176	152	54	50	75
gene-872	131	155	284	183	404	281	1160	534	527	162	117	220
gene-873	1	0	0	0	1	0	1	1	0	0	0	1
gene-874	0	0	0	0	0	0	0	0	0	0	0	0
gene-875	7	9	6	3	13	8	12	11	7	13	9	5
gene-876	1	3	1	1	6	2	2	3	3	1	1	2
gene-877	62	79	53	24	105	67	108	92	58	99	70	41
gene-878	14	10	9	7	36	12	44	27	18	11	21	11
gene-879	24	30	20	9	41	26	42	36	22	39	27	15
gene-880	23	14	17	17	28	32	61	32	32	25	24	18
gene-881	19	23	25	12	43	22	40	20	16	32	27	8
gene-882	1	0	0	0	1	1	1	1	0	1	0	0
gene-883	8	10	7	3	14	9	14	12	7	13	9	5
gene-884	2	2	1	1	3	1	5	3	2	2	2	1
gene-885	1	0	1	1	1	3	3	1	1	3	3	1
gene-886	109	134	83	42	140	47	139	126	104	59	78	27
gene-887	1	0	1	0	1	3	3	1	1	3	3	1
gene-888	28	22	27	13	23	12	52	21	27	29	23	15
gene-889	4	8	7	3	7	4	9	2	4	10	4	5
gene-890	6	5	2	6	9	4	10	17	4	4	3	6
gene-891	14	16	5	3	6	4	11	13	8	9	11	2
gene-892	1	1	0	2	4	1	0	4	1	4	5	0
gene-893	1	0	1	0	0	0	0	3	0	1	0	1
gene-894	2	3	0	2	5	6	6	3	3	0	2	1
gene-895	0	0	0	0	0	0	0	0	0	0	1	0
gene-896	0	0	0	0	0	0	0	0	0	0	0	0
gene-897	1	1	0	1	0	1	0	3	1	5	2	2
gene-898	0	0	0	0	0	0	0	0	0	0	0	0
gene-899	0	3	0	2	4	2	2	1	0	0	0	0
gene-900	1	0	0	0	1	1	1	1	0	1	0	0
gene-901	1	0	0	3	1	0	2	2	0	0	0	0
gene-902	2	1	1	1	5	2	6	4	2	1	3	2
gene-903	8	10	7	3	14	9	14	12	7	13	9	5
gene-904	1	1	0	0	2	1	4	3	4	1	1	1
gene-905	0	0	0	0	0	0	0	0	0	0	0	0
gene-906	134	148	104	44	194	93	152	182	94	141	114	79
gene-907	293	202	257	104	213	217	642	354	241	247	204	160
gene-908	2	3	0	0	0	3	1	2	0	3	2	0
gene-909	29	20	26	10	21	22	64	35	24	25	20	16
gene-910	3	0	0	0	5	1	2	3	2	1	2	0
gene-911	63	52	41	44	53	40	135	74	48	42	45	31
gene-912	13	15	10	4	19	9	15	18	9	14	11	8
gene-913	20	18	18	14	23	17	73	35	35	35	33	16
gene-914	2	3	1	0	7	1	7	4	1	4	4	0
gene-915	99	67	59	60	128	70	244	145	93	81	78	48
gene-916	0	0	0	0	1	0	0	0	0	0	0	0
gene-917	0	0	0	0	0	0	0	0	0	0	0	0
gene-918	0	0	0	1	1	0	2	1	0	1	1	2
gene-919	0	0	0	0	0	0	0	0	0	0	0	0
gene-920	0	0	0	0	0	0	0	0	0	0	0	0
gene-921	1	0	0	0	2	2	2	0	0	2	1	1
gene-922	124	127	195	153	298	217	710	444	359	200	93	203
gene-923	3	5	7	3	16	10	14	23	7	6	5	5
gene-924	57	68	68	37	211	152	284	305	228	62	76	58
gene-925	20	34	17	317	543	253	88	56	38	154	123	76
gene-926	10	7	18	285	236	113	141	26	31	61	67	48
gene-927	1559	1240	1046	1230	3580	1688	2218	2773	1487	1259	1372	997
gene-928	60	46	72	310	288	181	195	106	78	242	204	194
gene-929	16	15	21	178	175	60	109	39	38	104	64	96
gene-930	0	3	0	2	2	1	1	0	0	1	0	7
gene-931	9	18	11	30	20	16	48	23	20	85	29	78
gene-932	0	0	0	0	0	0	0	0	0	0	0	0
gene-933	11	20	12	32	20	18	52	25	21	87	33	83
gene-934	46	34	11	97	237	89	56	31	24	202	146	93
gene-935	0	0	0	3	1	4	0	0	0	1	2	0
gene-936	12	3	7	15	23	10	20	10	11	9	11	12
gene-937	1	2	0	0	1	3	0	1	0	0	0	1
gene-938	0	0	0	0	0	0	0	0	0	0	0	0
gene-939	0	0	0	0	0	1	0	1	0	0	0	0
gene-940	0	0	1	1	1	0	3	1	0	0	1	0
gene-941	0	0	0	0	0	0	0	0	0	0	0	0
gene-942	1	0	0	1	3	1	2	4	1	1	2	0
gene-943	0	1	1	2	9	2	1	1	0	4	1	1
gene-944	1	2	0	30	34	13	13	2	7	33	21	21
gene-945	24	17	23	192	206	109	64	13	19	126	66	134
gene-946	100	101	69	397	1009	444	120	126	90	910	588	642
gene-947	0	0	0	3	2	0	0	1	0	1	0	2
gene-948	117	129	78	280	630	342	286	164	132	1140	422	436
gene-949	0	0	0	0	1	0	0	0	0	1	2	0
gene-950	11	10	3	29	54	27	14	7	4	101	50	43
gene-951	0	0	0	0	1	0	0	0	0	0	1	0
gene-952	0	0	0	0	0	0	0	0	0	0	0	0
gene-953	0	0	0	0	0	0	0	0	0	0	0	0
gene-954	29	22	13	4	35	10	12	28	17	18	22	10
gene-955	0	4	4	3	3	0	9	0	1	3	1	3
gene-956	0	0	0	0	0	0	4	1	0	0	0	0
gene-957	22	11	12	32	116	58	212	122	96	15	17	8
gene-958	3	3	1	11	10	11	5	10	3	26	14	9
gene-959	1	0	0	1	2	1	2	3	4	1	0	1
gene-960	187	142	261	659	653	414	1075	445	325	290	214	295
gene-961	9	8	3	8	24	10	20	22	14	10	9	4
gene-962	67	70	99	1078	973	516	180	66	66	884	517	737
gene-963	142	155	80	1189	2781	1165	209	267	168	1317	1069	561
gene-964	0	0	1	0	1	1	0	0	0	2	1	0
gene-965	22	10	28	28	22	27	78	27	16	78	49	121
gene-966	0	0	0	0	0	0	0	0	0	0	0	0
gene-967	6	14	5	7	57	22	33	15	17	16	15	9
gene-968	12	1	10	34	41	12	44	21	10	2	5	11
gene-969	0	0	0	0	0	0	0	0	0	0	0	0
gene-970	0	0	0	0	0	0	0	0	0	0	0	0
gene-971	0	0	0	0	0	0	0	0	0	0	0	0
gene-972	4616	4077	4727	5620	8301	5461	5661	9553	6543	4004	6961	3405
gene-973	10	11	7	16	11	8	16	21	12	7	8	6
gene-974	0	0	1	1	2	0	0	0	0	0	0	0
gene-975	0	1	0	1	0	0	0	0	0	1	1	1
gene-976	0	0	0	0	0	0	0	0	0	0	0	0
gene-977	0	0	0	0	0	0	0	0	0	0	0	0
gene-978	5	2	0	9	7	2	16	0	3	5	2	3
gene-979	0	0	0	0	0	0	0	0	0	0	0	0
gene-980	0	0	0	0	0	0	0	0	0	0	0	0
gene-981	1	1	0	3	1	1	2	0	0	1	0	1
gene-982	1	1	0	9	16	3	1	3	1	3	3	2
gene-983	0	0	0	0	1	0	0	0	0	0	1	0
gene-984	2	0	0	1	0	0	4	0	1	0	1	2
gene-985	0	0	0	0	5	0	0	0	0	0	1	1
gene-986	4	3	2	9	26	14	10	6	9	11	8	6
gene-987	5	5	3	7	6	2	35	3	6	9	6	5
gene-988	5	1	1	2	6	3	1	3	3	1	3	1
gene-989	0	0	0	0	0	0	0	0	0	1	0	0
gene-990	5	1	3	9	42	4	19	5	3	7	8	14
gene-991	0	0	0	0	0	0	0	0	0	0	0	0
gene-992	299	277	102	128	365	247	51	468	231	413	383	247
gene-993	1	1	1	4	1	1	8	3	2	1	0	0
gene-994	1	1	0	1	2	1	3	0	0	4	3	4
gene-995	1	0	3	0	2	4	2	4	1	4	1	1
gene-996	0	0	0	0	0	0	0	0	0	0	0	0
gene-997	0	0	2	2	2	0	0	3	1	1	0	0
gene-998	8	8	19	581	165	36	32	17	10	43	31	57
gene-999	0	0	0	0	0	0	0	0	0	0	0	0
gene-1000	42	21	36	86	96	41	67	87	42	47	40	46
gene-1001	0	0	2	0	1	0	1	0	0	0	0	0
gene-1002	0	0	0	0	0	0	1	0	0	0	0	0
gene-1003	0	0	0	0	0	0	0	0	0	0	0	0
gene-1004	0	0	0	0	0	0	0	0	0	0	0	0
gene-1005	0	0	0	0	0	1	0	0	0	0	0	0
gene-1006	2	0	0	4	18	2	19	5	2	0	3	1
gene-1007	0	0	0	0	0	0	0	0	0	0	0	0
gene-1008	2	2	2	4	2	1	14	1	0	3	1	3
gene-1009	1	0	2	2	6	2	3	1	2	1	1	0
gene-1010	0	0	0	0	0	0	0	0	0	0	0	0
gene-1011	0	0	2	1	0	2	0	0	1	1	2	0
gene-1012	4	14	2	21	31	12	10	21	7	42	29	18
gene-1013	286	224	417	1790	1805	880	2067	890	719	1439	682	1093
gene-1014	0	0	0	3	2	2	1	1	2	3	1	0
gene-1015	0	1	1	7	15	3	2	2	0	18	17	4
gene-1016	48	33	30	242	284	152	77	40	54	300	186	241
gene-1017	0	3	5	14	41	16	3	5	6	35	32	12
gene-1018	2	2	0	6	20	12	5	1	2	19	12	11
gene-1019	759	701	988	7406	8021	4122	2884	943	1012	6769	3459	6339
gene-1020	264	234	217	793	1350	611	393	281	236	1056	622	676
gene-1021	1	0	1	5	4	5	0	0	1	0	0	1
gene-1022	354	216	388	2087	2223	1399	2448	814	702	700	875	1251
gene-1023	0	0	0	1	5	4	0	0	0	8	7	1
gene-1024	1	0	0	0	0	1	0	0	0	2	2	0
gene-1025	0	0	0	0	0	0	0	0	0	0	1	0
gene-1026	0	0	0	0	0	0	0	0	0	0	0	0
gene-1027	1	1	6	164	168	78	12	10	2	71	39	80
gene-1028	0	0	0	0	5	1	0	0	0	1	0	0
gene-1029	0	0	0	0	0	0	2	0	0	0	0	0
gene-1030	0	0	0	0	0	0	0	0	0	0	0	0
gene-1031	0	0	0	0	0	0	0	0	0	0	0	0
gene-1032	0	0	1	2	2	1	3	0	1	1	0	1
gene-1033	0	0	0	0	0	0	0	0	0	2	0	0
gene-1034	0	0	0	0	0	0	0	0	0	0	0	0
gene-1035	0	0	0	0	0	0	2	0	0	0	0	0
gene-1036	0	1	1	1	3	0	1	0	0	0	0	1
gene-1037	0	0	0	0	0	0	0	0	0	0	0	0
gene-1038	0	0	0	0	0	0	0	0	0	0	0	0
gene-1039	0	0	0	0	0	0	0	0	0	0	0	0
gene-1040	0	0	0	0	0	0	0	0	0	0	0	0
gene-1041	0	0	0	0	0	0	0	0	0	0	0	0
gene-1042	0	0	0	1	1	0	0	0	0	0	1	2
gene-1043	0	1	1	1	5	2	1	0	0	0	0	0
gene-1044	0	0	0	0	0	0	0	0	0	0	0	0
gene-1045	0	0	0	0	0	1	0	0	0	0	0	0
gene-1046	0	0	0	0	0	0	0	0	0	0	0	0
gene-1047	0	0	0	0	0	0	0	0	0	0	0	0
gene-1048	0	0	0	0	0	0	0	0	0	0	0	0
gene-1049	0	0	0	0	0	0	0	0	1	0	0	0
gene-1050	0	0	0	0	0	1	0	0	0	0	0	0
gene-1051	0	0	0	0	0	0	0	0	0	0	0	0
gene-1052	0	0	0	0	0	0	0	0	0	0	0	0
gene-1053	0	0	1	0	0	0	0	0	0	0	0	0
gene-1054	0	0	0	0	0	0	1	0	0	0	0	0
gene-1055	0	0	0	0	0	0	0	0	0	0	0	0
gene-1056	0	0	0	0	0	0	0	0	0	0	0	0
gene-1057	0	0	0	0	0	0	0	0	0	0	0	0
gene-1058	0	1	0	0	0	0	0	0	0	0	0	1
gene-1059	0	0	0	0	0	0	1	0	0	0	0	0
gene-1060	0	0	0	0	0	0	0	0	0	0	0	0
gene-1061	3	6	6	56	95	38	16	5	8	64	20	32
gene-1062	2	2	4	36	38	21	6	10	5	27	27	5
gene-1063	5	12	7	12	21	13	9	7	5	16	10	18
gene-1064	1	0	0	0	3	2	0	1	2	6	3	1
gene-1065	0	0	0	0	0	0	0	0	0	0	0	0
gene-1066	0	0	0	0	0	0	0	0	0	0	0	0
gene-1067	0	0	0	0	0	0	0	1	0	0	0	1
gene-1068	2	1	2	3	2	2	8	2	2	2	3	0
gene-1069	34	44	45	222	259	126	96	60	44	123	88	76
gene-1070	0	0	0	0	0	0	0	0	0	0	0	0
gene-1071	0	0	0	0	0	0	0	0	0	0	0	0
gene-1072	189	164	213	2086	2577	1359	699	320	252	344	540	408
gene-1073	0	0	0	23	17	0	1	3	1	2	0	0
gene-1074	0	0	0	4	2	0	1	0	0	1	1	0
gene-1075	0	0	0	0	0	0	0	0	0	0	0	0
gene-1076	14	10	24	215	51	27	10	43	28	56	36	90
gene-1077	35	36	19	86	80	39	13	108	42	112	65	60
gene-1078	50	39	38	298	667	275	37	175	61	694	337	409
gene-1079	0	0	0	0	0	0	0	0	0	0	0	0
gene-1080	0	0	0	0	0	0	0	0	0	0	0	0
gene-1081	0	0	0	0	0	0	0	0	0	0	0	0
gene-1082	0	0	0	0	0	0	0	0	0	0	0	0
gene-1083	0	0	0	0	0	0	0	0	0	0	0	0
gene-1084	0	0	0	0	0	0	0	0	0	0	0	0
gene-1085	0	0	0	0	0	0	0	0	0	0	0	0
gene-1086	0	0	0	0	0	0	0	0	0	0	0	0
gene-1087	0	0	0	0	0	0	0	0	0	0	0	0
gene-1088	0	0	0	0	0	0	0	0	0	0	0	0
gene-1089	0	0	0	0	0	0	0	0	0	0	0	0
gene-1090	0	0	0	0	0	0	0	0	0	0	0	0
gene-1091	0	0	0	0	0	0	0	0	0	0	0	0
gene-1092	0	0	0	0	0	0	0	0	0	0	0	0
gene-1093	0	0	0	0	0	0	0	0	0	0	0	0
gene-1094	0	0	0	0	0	0	0	0	0	0	0	0
gene-1095	0	0	0	0	0	0	0	0	0	0	0	0
gene-1096	0	0	0	0	0	0	0	0	0	0	0	0
gene-1097	0	0	0	0	0	0	0	0	0	0	0	0
gene-1098	0	0	0	0	0	0	0	0	0	0	0	0
gene-1099	0	0	0	0	0	0	0	0	0	0	0	0
gene-1100	0	0	0	0	0	0	0	0	0	0	0	0
gene-1101	0	0	0	0	0	0	0	0	0	0	0	0
gene-1102	0	0	0	0	0	0	0	0	0	0	0	0
gene-1103	0	0	0	0	0	0	0	0	0	0	0	0
gene-1104	0	0	0	0	0	0	0	0	0	0	0	0
gene-1105	0	0	0	0	0	0	0	0	0	0	0	0
gene-1106	0	0	0	0	0	0	0	0	0	0	0	0
gene-1107	0	0	0	0	0	0	0	0	0	0	0	0
gene-1108	0	0	0	0	0	0	0	0	0	0	0	0
gene-1109	0	0	0	0	0	0	0	0	0	0	0	0
gene-1110	0	0	0	0	0	0	0	0	0	0	0	0
gene-1111	0	0	0	0	0	0	0	0	0	0	0	0
gene-1112	0	0	0	0	0	0	0	0	0	0	0	0
gene-1113	0	0	1	1	0	0	0	0	0	0	0	0
gene-1114	0	0	0	0	0	0	0	0	0	0	0	0
gene-1115	0	0	0	0	0	0	0	0	0	0	0	0
gene-1116	0	0	0	0	0	0	0	0	0	0	0	0
gene-1117	0	0	0	0	0	0	0	0	0	0	0	1
gene-1118	0	0	0	0	0	0	0	0	0	0	0	0
gene-1119	0	0	0	0	0	0	0	0	0	0	0	0
gene-1120	0	0	0	0	0	0	0	0	0	0	0	0
gene-1121	0	0	0	0	0	0	0	0	0	0	0	0
gene-1122	0	0	0	0	0	0	0	0	0	0	0	0
gene-1123	0	0	0	0	0	0	0	0	0	0	0	0
gene-1124	0	0	0	0	0	0	0	0	0	0	0	0
gene-1125	0	0	0	0	0	0	0	0	0	0	0	0
gene-1126	0	0	0	0	0	0	0	0	0	0	0	0
gene-1127	0	0	0	0	0	0	0	0	0	0	0	0
gene-1128	0	0	0	0	0	0	0	0	0	0	0	0
gene-1129	0	0	0	0	0	0	0	0	0	0	0	0
gene-1130	0	0	0	0	0	0	0	0	0	0	0	0
gene-1131	0	0	0	0	0	0	0	0	0	0	0	0
gene-1132	0	0	0	0	0	0	0	0	0	0	0	0
gene-1133	0	0	0	0	0	0	0	0	0	0	0	0
gene-1134	0	0	0	0	0	0	0	0	0	0	0	0
gene-1135	0	0	0	0	0	0	0	0	0	0	0	0
gene-1136	0	0	0	0	0	0	0	0	0	0	1	0
gene-1137	0	0	0	0	0	0	0	0	0	0	0	0
gene-1138	0	0	0	0	0	0	0	0	0	0	0	0
gene-1139	0	0	0	0	0	0	0	0	0	0	0	0
gene-1140	0	0	0	0	0	0	0	0	0	0	0	0
gene-1141	0	0	0	0	0	0	0	0	0	0	0	0
gene-1142	0	0	0	0	3	0	1	2	1	2	0	0
gene-1143	0	0	0	0	0	0	0	0	0	0	0	0
gene-1144	0	0	0	0	0	0	0	0	0	0	0	0
gene-1145	0	0	0	0	0	0	0	0	0	0	0	0
gene-1146	3	1	6	4	7	6	18	10	4	2	0	3
gene-1147	0	0	0	0	0	0	0	0	0	0	0	0
gene-1148	0	0	0	0	0	0	0	0	0	0	0	0
gene-1149	0	0	0	0	0	0	0	0	0	0	0	0
gene-1150	0	0	0	0	0	0	0	0	0	0	0	0
gene-1151	0	0	0	0	0	0	0	0	0	0	0	0
gene-1152	0	0	0	0	0	0	0	0	0	0	0	0
gene-1153	1	1	0	0	1	1	0	0	0	0	3	7
gene-1154	0	0	0	0	0	0	0	0	0	0	0	0
gene-1155	0	0	0	0	0	0	0	0	0	0	0	0
gene-1156	0	0	0	0	0	0	0	0	0	0	0	0
gene-1157	0	0	0	0	0	0	0	0	0	0	0	0
gene-1158	0	0	0	0	0	0	0	0	0	0	0	0
gene-1159	11	4	9	36	9	6	15	12	16	2	3	4
gene-1160	0	0	0	0	0	0	0	0	0	0	0	0
gene-1161	0	0	0	0	0	0	0	0	0	0	0	0
gene-1162	0	0	0	0	0	0	0	0	0	0	0	0
gene-1163	0	0	0	0	0	0	0	0	0	0	0	0
gene-1164	0	0	0	0	0	0	0	0	0	0	0	0
gene-1165	0	0	0	0	0	0	0	0	0	0	0	0
gene-1166	0	0	0	0	1	0	0	1	0	1	0	0
gene-1167	0	0	0	0	0	0	0	0	0	0	0	0
gene-1168	0	0	0	0	0	0	0	0	0	0	0	0
gene-1169	0	0	0	0	0	0	0	0	0	0	0	0
gene-1170	1	0	0	0	0	1	0	0	0	1	0	0
gene-1171	4	3	1	0	3	1	0	2	4	7	4	1
gene-1172	3	2	0	7	7	0	6	0	0	3	0	3
gene-1173	202	210	178	401	1064	489	687	634	413	700	540	364
gene-1174	3	5	1	5	13	7	6	6	4	4	4	0
gene-1175	0	0	0	0	0	0	0	0	0	0	0	0
gene-1176	0	1	0	8	1	5	7	0	0	5	0	2
gene-1177	0	0	0	0	4	0	2	0	0	0	0	0
gene-1178	0	0	0	0	0	0	0	0	0	0	0	0
gene-1179	2	0	3	113	50	22	7	5	5	9	10	13
gene-1180	14	4	10	23	45	32	125	52	42	7	13	5
gene-1181	0	0	0	0	0	0	0	0	0	0	0	0
gene-1182	0	0	0	0	0	0	0	0	0	0	0	0
gene-1183	0	0	0	0	0	0	0	0	0	0	0	0
gene-1184	2	1	5	7	6	1	12	4	3	0	7	2
gene-1185	0	0	0	0	0	0	0	0	0	0	0	0
gene-1186	0	0	0	0	0	0	0	0	0	0	0	0
gene-1187	0	0	0	1	4	0	0	2	0	0	1	1
gene-1188	6	11	5	6	10	8	18	19	9	10	7	3
gene-1189	12	6	12	22	13	8	38	15	9	3	5	8
gene-1190	18	18	12	45	182	76	14	29	15	51	68	27
gene-1191	0	0	0	0	6	0	0	0	0	0	0	0
gene-1192	1	0	0	1	2	1	0	0	0	4	6	0
gene-1193	4	6	7	102	79	32	27	6	7	60	36	61
gene-1194	14	9	11	57	169	47	17	22	12	105	46	51
gene-1195	5	1	2	48	22	14	12	10	8	15	19	12
gene-1196	17	14	18	104	144	105	41	22	16	103	64	101
gene-1197	0	0	0	0	0	0	0	1	0	1	1	0
gene-1198	1	2	2	0	8	1	5	3	0	7	1	1
gene-1199	97	104	81	51	259	97	149	164	115	172	164	52
gene-1200	98	73	56	43	117	54	179	123	65	82	66	39
gene-1201	1	1	2	2	3	4	2	1	0	8	1	1
gene-1202	9	7	4	4	16	14	23	14	9	7	11	5
gene-1203	1	1	0	0	0	0	0	0	0	1	0	0
gene-1204	215	240	232	502	474	254	1639	753	371	356	447	298
gene-1205	0	2	0	0	0	0	0	1	3	1	1	0
gene-1206	0	2	0	0	0	0	0	1	3	1	1	0
gene-1207	32	19	21	22	56	26	61	51	24	27	39	26
gene-1208	0	0	1	0	0	1	0	2	0	1	1	1
gene-1209	12	10	5	10	20	13	34	15	13	20	16	9
gene-1210	13	12	9	9	30	18	44	34	10	21	28	14
gene-1211	5	5	5	3	7	1	13	12	8	7	9	4
gene-1212	3	0	1	0	2	0	0	0	3	0	0	0
gene-1213	0	1	0	0	3	0	0	1	0	3	0	0
gene-1214	20	11	23	28	39	14	73	36	17	12	9	8
gene-1215	0	0	0	0	0	0	0	0	0	0	1	0
gene-1216	0	0	0	0	0	0	0	0	0	0	0	0
gene-1217	0	0	0	0	0	2	0	0	0	0	0	0
gene-1218	2	1	0	0	1	0	2	1	0	0	1	0
gene-1219	0	1	1	0	0	0	0	1	0	0	0	0
gene-1220	23	27	29	21	30	24	77	45	34	27	20	9
gene-1221	1	1	0	1	3	3	4	5	2	1	2	3
gene-1222	1	0	0	0	0	0	0	1	0	0	1	0
gene-1223	0	0	0	1	0	1	1	0	0	1	0	0
gene-1224	9	9	7	5	24	9	14	15	10	16	15	5
gene-1225	21	25	19	16	23	24	69	45	24	33	22	16
gene-1226	3	1	1	3	6	3	7	4	4	9	2	2
gene-1227	16	12	9	7	20	9	30	20	11	14	11	7
gene-1228	0	0	0	0	0	0	0	0	0	0	0	0
gene-1229	0	2	1	3	5	0	0	0	0	0	0	0
gene-1230	9	4	12	45	35	17	30	15	13	10	9	10
gene-1231	1	3	3	22	43	16	5	7	3	29	18	10
gene-1232	0	0	0	0	0	0	0	1	0	0	0	0
gene-1233	0	0	0	0	0	0	0	0	0	1	0	2
gene-1234	1	1	0	4	18	9	1	1	2	8	7	5
gene-1235	109	89	155	2684	1807	899	725	390	261	869	382	967
gene-1236	1	4	6	50	38	19	11	6	3	22	11	19
gene-1237	6	15	15	90	113	61	26	22	24	76	71	70
gene-1238	101	104	117	516	556	308	341	121	103	310	201	293
gene-1239	18	16	9	32	83	40	10	22	13	99	91	46
gene-1240	0	1	0	8	14	6	0	3	0	14	8	6
gene-1241	1	2	2	11	29	3	0	1	1	8	7	2
gene-1242	190	172	278	1116	1071	558	1445	605	451	143	144	164
gene-1243	28	21	28	120	97	66	139	63	61	25	24	30
gene-1244	0	0	0	0	0	0	0	0	0	0	0	0
gene-1245	0	0	0	0	0	0	0	0	0	0	0	0
gene-1246	16	17	26	20	37	27	14	44	9	21	25	11
gene-1247	611	445	194	557	898	567	282	945	347	890	736	689
gene-1248	0	0	0	0	0	0	0	0	0	0	0	0
gene-1249	1	4	0	7	13	7	1	0	2	10	19	9
gene-1250	6	8	13	141	109	31	34	9	7	90	56	71
gene-1251	0	0	0	0	0	0	0	0	0	0	0	0
gene-1252	0	0	0	0	0	0	0	0	0	0	0	0
gene-1253	1	0	0	2	1	0	0	0	0	0	0	0
gene-1254	0	0	0	0	0	0	0	0	0	0	0	0
gene-1255	0	0	0	0	1	0	0	0	0	0	0	0
gene-1256	0	0	0	0	0	0	0	0	0	0	0	0
gene-1257	0	0	0	0	0	0	0	0	0	0	0	0
gene-1258	0	0	0	0	0	1	0	0	0	0	0	0
gene-1259	0	0	0	0	0	0	0	0	0	0	0	0
gene-1260	1	2	2	0	2	1	4	2	1	0	0	1
gene-1261	0	0	0	0	0	0	0	0	0	0	0	0
gene-1262	0	0	0	0	0	0	0	0	0	0	0	0
gene-1263	0	0	0	0	0	0	0	0	0	0	0	0
gene-1264	5	1	0	0	4	0	0	0	0	0	1	0
gene-1265	0	0	0	0	1	0	0	0	0	0	0	2
gene-1266	0	0	0	1	0	0	1	0	0	0	0	0
gene-1267	323	211	272	5120	1493	577	208	905	804	586	491	431
gene-1268	0	0	2	2	2	1	3	4	4	2	1	0
gene-1269	1	0	0	0	0	0	1	0	0	0	0	0
gene-1270	0	0	0	0	0	0	0	0	0	0	0	0
gene-1271	0	0	2	1	0	0	0	0	0	0	0	0
gene-1272	0	0	0	0	0	0	0	0	0	0	0	0
gene-1273	0	0	0	0	0	0	0	0	0	0	0	0
gene-1274	1	0	1	0	0	0	3	4	1	0	2	0
gene-1275	0	0	0	0	0	0	0	0	2	0	0	0
gene-1276	0	0	0	0	0	0	0	0	0	0	0	0
gene-1277	0	0	0	1	0	2	0	0	0	0	1	0
gene-1278	0	0	0	0	0	0	0	0	0	0	0	0
gene-1279	0	0	1	0	0	0	0	0	0	0	0	0
gene-1280	0	0	0	0	0	0	0	0	0	0	0	0
gene-1281	0	0	0	0	0	0	0	0	0	0	0	0
gene-1282	0	0	0	0	2	0	0	0	0	0	0	0
gene-1283	0	0	0	0	0	0	0	1	0	0	0	0
gene-1284	0	0	0	0	0	0	0	0	0	0	0	0
gene-1285	0	0	0	0	0	0	0	0	0	0	0	0
gene-1286	0	0	0	0	0	0	0	0	0	0	0	0
gene-1287	0	0	0	0	0	0	0	0	0	0	0	0
gene-1288	0	0	0	0	0	0	0	0	0	0	0	0
gene-1289	0	0	0	0	0	0	0	0	0	0	0	0
gene-1290	0	0	1	0	0	0	1	0	0	0	0	3
gene-1291	0	1	2	4	2	1	10	4	0	1	0	7
gene-1292	0	1	2	2	1	2	2	0	0	2	2	1
gene-1293	0	0	0	0	0	0	1	0	0	0	0	0
gene-1294	1	0	1	0	1	0	2	1	0	0	0	0
gene-1295	0	0	0	3	0	0	2	0	0	0	0	0
gene-1296	0	1	1	0	0	0	0	1	0	0	0	0
gene-1297	0	0	1	0	0	1	1	0	1	0	0	1
gene-1298	0	0	0	0	0	0	0	0	0	0	0	0
gene-1299	0	0	0	0	0	0	0	0	0	0	0	0
gene-1300	0	0	1	1	0	0	0	0	0	0	0	0
gene-1301	0	0	0	0	0	0	0	0	0	0	0	0
gene-1302	0	0	0	0	0	0	0	0	0	0	0	0
gene-1303	2	0	0	0	0	0	0	0	0	0	0	0
gene-1304	0	0	0	0	0	0	0	0	0	0	0	0
gene-1305	0	0	0	0	0	0	0	0	0	0	0	0
gene-1306	0	0	2	2	0	1	2	0	0	1	0	1
gene-1307	1	0	0	0	0	0	0	0	0	0	0	0
gene-1308	0	0	0	0	1	0	1	1	1	0	0	0
gene-1309	0	0	0	0	1	1	0	1	0	0	0	0
gene-1310	0	0	0	0	0	0	0	0	0	0	0	0
gene-1311	0	0	0	0	0	0	0	0	0	0	0	0
gene-1312	0	0	0	0	0	0	0	0	0	0	0	0
gene-1313	0	0	0	0	0	0	0	0	0	0	0	0
gene-1314	0	0	0	0	0	0	0	0	0	0	0	0
gene-1315	0	0	0	1	0	0	0	0	0	0	0	0
gene-1316	0	0	0	0	0	0	0	0	0	0	0	0
gene-1317	0	0	0	0	0	0	0	0	0	0	0	0
gene-1318	0	0	0	0	0	0	0	0	0	0	0	0
gene-1319	0	0	0	0	0	0	0	0	0	0	0	0
gene-1320	0	0	0	0	0	0	0	0	0	0	0	0
gene-1321	0	0	0	0	0	0	0	0	0	1	0	0
gene-1322	0	0	0	0	0	0	0	0	0	0	0	0
gene-1323	0	0	0	0	0	0	0	0	0	0	0	0
gene-1324	0	0	1	0	4	1	2	2	0	0	0	0
gene-1325	0	0	0	0	1	0	0	0	0	0	0	0
gene-1326	0	0	0	2	0	0	0	0	0	0	0	0
gene-1327	0	0	0	0	0	0	0	0	0	0	0	0
gene-1328	0	0	0	0	0	0	0	0	0	0	0	0
gene-1329	0	0	0	0	0	0	0	0	0	0	0	0
gene-1330	0	0	0	0	0	0	0	0	0	1	0	0
gene-1331	0	0	0	0	0	0	0	0	0	0	0	0
gene-1332	0	0	0	0	0	0	0	0	0	0	0	0
gene-1333	0	1	1	0	3	0	3	2	0	0	0	0
gene-1334	0	0	0	0	0	0	0	0	0	0	0	0
gene-1335	0	0	0	0	0	0	0	0	0	0	0	0
gene-1336	0	0	2	0	3	0	1	2	1	0	0	0
gene-1337	1	0	6	1	1	0	1	0	1	0	1	2
gene-1338	0	0	0	0	0	0	1	0	2	0	0	0
gene-1339	2	0	1	1	3	0	7	2	0	1	1	0
gene-1340	0	0	0	0	0	0	0	0	0	0	0	0
gene-1341	0	0	0	0	0	0	1	0	0	0	0	1
gene-1342	0	0	0	0	1	0	0	0	0	0	0	0
gene-1343	0	0	0	0	1	0	0	0	0	0	0	0
gene-1344	0	0	0	0	0	0	0	0	1	1	0	0
gene-1345	0	0	0	0	0	0	0	0	0	0	0	0
gene-1346	1	0	0	0	0	0	0	0	0	0	0	0
gene-1347	3	0	1	3	0	0	2	1	0	0	0	0
gene-1348	0	0	0	0	0	0	1	0	1	0	0	0
gene-1349	0	0	0	0	0	0	0	0	0	0	0	0
gene-1350	1	0	0	0	1	0	0	0	1	0	0	0
gene-1351	0	0	0	0	0	0	0	0	0	0	0	0
gene-1352	0	0	0	3	1	0	0	0	0	0	1	4
gene-1353	0	0	0	0	3	1	0	0	0	1	1	0
gene-1354	0	0	0	0	0	0	0	0	0	0	0	0
gene-1355	0	0	0	0	0	0	1	0	0	0	0	0
gene-1356	0	0	0	0	0	0	0	0	0	0	0	0
gene-1357	0	0	0	0	1	0	0	0	0	0	0	0
gene-1358	0	0	0	0	0	0	1	0	0	0	1	0
gene-1359	0	0	0	1	0	0	0	0	0	0	0	0
gene-1360	0	0	0	0	0	0	0	2	0	0	0	0
gene-1361	0	2	4	21	16	6	5	5	3	13	5	7
gene-1362	0	0	0	0	0	0	0	0	0	1	0	0
gene-1363	3	0	0	3	0	1	6	0	2	0	0	0
gene-1364	0	0	0	0	2	0	0	0	0	0	0	0
gene-1365	0	0	0	0	2	0	0	0	0	1	1	0
gene-1366	0	0	0	2	2	0	2	0	0	0	1	0
gene-1367	0	0	0	0	0	0	0	0	0	1	0	0
gene-1368	0	1	0	1	3	2	5	0	1	0	0	0
gene-1369	1	1	1	5	2	0	2	0	1	1	1	0
gene-1370	0	3	0	3	1	0	1	1	0	2	0	2
gene-1371	0	0	0	0	0	0	0	0	0	0	0	0
gene-1372	0	0	0	0	0	0	0	0	0	0	0	0
gene-1373	0	0	0	0	0	0	0	0	0	0	0	0
gene-1374	0	0	0	1	2	0	0	0	0	0	0	0
gene-1375	0	0	0	0	0	1	0	1	0	0	0	0
gene-1376	0	0	0	0	0	0	0	0	0	0	0	0
gene-1377	0	0	0	0	0	0	0	0	1	0	0	0
gene-1378	0	0	3	2	0	1	5	2	0	1	3	3
gene-1379	0	0	0	2	0	0	2	1	0	0	0	0
gene-1380	0	0	0	0	0	0	0	0	0	0	0	0
gene-1381	0	0	0	0	0	0	0	0	0	0	0	0
gene-1382	0	0	0	0	0	0	0	0	0	0	0	0
gene-1383	0	0	0	0	0	2	0	0	0	0	0	0
gene-1384	0	0	0	0	0	0	0	0	0	0	0	0
gene-1385	0	1	0	1	1	0	1	0	0	0	0	1
gene-1386	0	0	0	0	0	0	0	0	0	0	0	0
gene-1387	0	0	0	0	0	0	0	0	0	0	0	0
gene-1388	0	0	0	0	0	0	0	0	0	0	0	0
gene-1389	0	0	0	0	0	0	0	0	0	0	0	0
gene-1390	2	1	3	4	0	0	5	5	2	3	1	3
gene-1391	0	0	0	0	0	0	0	0	0	0	0	0
gene-1392	0	0	0	0	0	0	1	0	0	0	0	1
gene-1393	0	0	1	1	1	0	6	1	1	1	1	0
gene-1394	3	1	3	1	2	2	2	5	0	1	0	1
gene-1395	0	0	0	0	0	0	0	0	0	0	0	0
gene-1396	2	0	0	0	0	1	6	1	1	0	0	2
gene-1397	0	0	0	0	0	0	0	0	0	0	0	0
gene-1398	0	0	0	0	0	0	0	0	0	0	0	0
gene-1399	0	0	0	0	0	0	0	0	0	0	2	0
gene-1400	0	0	4	1	0	0	0	2	0	0	0	0
gene-1401	0	0	0	0	0	0	0	0	0	0	0	0
gene-1402	0	0	0	0	0	0	0	0	0	0	0	0
gene-1403	0	0	1	0	0	0	1	0	1	0	1	0
gene-1404	0	1	0	0	0	0	0	1	0	0	0	0
gene-1405	0	1	0	1	0	1	0	0	0	0	0	0
gene-1406	0	0	0	0	0	0	0	0	0	0	1	0
gene-1407	0	1	0	0	0	1	2	1	0	2	0	3
gene-1408	0	0	0	0	0	0	0	0	0	0	0	0
gene-1409	1	2	0	2	1	1	1	0	0	3	1	0
gene-1410	0	1	0	0	4	2	2	3	1	0	0	1
gene-1411	0	0	0	0	0	0	0	0	0	0	0	0
gene-1412	0	0	0	0	0	0	0	0	0	0	0	0
gene-1413	0	0	0	0	0	0	0	0	0	0	0	0
gene-1414	0	0	0	0	0	0	0	0	0	0	0	0
gene-1415	0	0	0	0	0	0	0	0	0	0	0	0
gene-1416	0	0	0	1	1	0	0	0	1	2	0	1
gene-1417	1	1	2	0	2	3	0	1	0	1	1	1
gene-1418	0	0	0	0	0	1	1	0	0	0	0	0
gene-1419	0	0	0	1	0	0	0	0	1	0	0	0
gene-1420	0	0	0	0	0	0	0	0	0	0	0	0
gene-1421	0	0	0	0	0	0	0	0	0	0	0	0
gene-1422	0	0	0	0	0	0	0	0	0	0	0	0
gene-1423	0	0	0	0	0	0	0	0	0	0	0	0
gene-1424	0	1	0	0	0	0	0	0	0	0	0	0
gene-1425	0	0	0	0	0	0	1	0	0	0	0	0
gene-1426	0	0	0	0	0	0	0	0	0	0	0	0
gene-1427	0	0	0	0	0	0	0	0	0	0	0	0
gene-1428	0	0	0	0	0	1	0	0	3	1	2	0
gene-1429	0	0	0	0	0	0	0	0	0	0	0	0
gene-1430	0	0	0	0	0	0	0	0	0	0	0	1
gene-1431	0	1	0	0	3	0	1	0	0	0	0	0
gene-1432	1	2	1	0	3	3	8	7	3	1	5	1
gene-1433	0	0	0	0	1	0	2	1	0	0	0	0
gene-1434	0	0	0	0	0	0	0	0	0	0	0	0
gene-1435	0	0	0	0	0	0	0	0	0	0	0	0
gene-1436	1	1	0	0	1	2	3	2	1	0	0	0
gene-1437	1	0	0	1	0	0	1	0	0	0	0	0
gene-1438	0	0	0	0	0	0	0	0	0	0	0	0
gene-1439	0	0	0	0	0	0	0	0	0	0	0	0
gene-1440	0	0	0	0	0	0	0	0	0	0	0	0
gene-1441	0	0	0	0	0	0	0	0	0	0	0	0
gene-1442	0	0	0	0	0	0	0	0	0	0	0	0
gene-1443	0	0	0	0	1	0	0	0	0	0	0	0
gene-1444	0	0	0	0	0	0	0	0	0	0	0	0
gene-1445	0	0	0	0	0	0	0	0	0	0	0	0
gene-1446	0	0	0	0	0	0	0	0	0	0	0	0
gene-1447	0	0	0	0	0	0	0	0	0	0	0	0
gene-1448	0	0	0	0	0	0	0	0	0	0	0	0
gene-1449	0	0	0	0	1	2	0	0	0	0	1	0
gene-1450	0	0	0	0	0	0	0	0	0	0	0	0
gene-1451	0	0	0	0	0	0	0	0	0	0	0	0
gene-1452	0	0	0	0	0	0	0	0	0	0	0	0
gene-1453	2	0	3	0	5	0	2	1	0	1	0	0
gene-1454	0	0	0	0	0	0	0	0	0	0	0	0
gene-1455	0	2	0	0	0	0	2	1	0	0	0	0
gene-1456	0	0	1	1	3	1	1	1	1	0	1	2
gene-1457	0	0	1	0	0	0	0	0	0	0	0	0
gene-1458	0	1	1	2	0	0	3	0	0	0	1	0
gene-1459	0	0	0	0	0	0	0	0	0	0	0	0
gene-1460	0	0	0	0	0	0	0	0	0	0	0	0
gene-1461	0	0	0	0	1	1	0	0	1	0	0	0
gene-1462	0	0	1	0	0	0	0	1	0	0	0	0
gene-1463	0	0	0	0	1	1	3	3	3	0	1	1
gene-1464	0	0	0	0	0	0	0	0	0	0	0	0
gene-1465	11	5	17	5	9	4	19	7	5	2	8	3
gene-1466	0	0	0	0	0	0	0	0	0	0	0	0
gene-1467	0	0	0	0	0	0	0	0	0	1	0	0
gene-1468	3	2	1	1	1	0	5	5	0	1	1	0
gene-1469	0	0	0	0	0	0	0	0	0	0	0	0
gene-1470	0	0	0	0	0	0	0	0	0	0	0	0
gene-1471	0	0	0	0	0	1	0	0	0	0	0	0
gene-1472	0	0	0	0	0	0	0	0	0	0	0	0
gene-1473	0	0	0	0	0	0	0	0	0	0	0	0
gene-1474	0	0	0	0	1	1	0	0	0	0	0	0
gene-1475	6	3	3	6	3	5	13	2	4	1	3	2
gene-1476	1	0	0	0	0	0	5	3	0	1	0	3
gene-1477	0	0	0	0	0	0	0	0	0	1	0	0
gene-1478	1	0	0	1	0	0	0	0	0	0	0	0
gene-1479	0	0	0	0	0	0	0	0	0	0	0	0
gene-1480	29	18	34	46	62	42	59	30	37	30	20	38
gene-1481	15	13	12	8	19	4	20	6	4	17	7	9
gene-1482	0	0	0	0	0	0	0	0	0	0	0	0
gene-1483	0	0	0	0	0	0	0	0	0	0	0	0
gene-1484	0	0	0	0	0	0	0	0	0	0	0	0
gene-1485	0	0	0	0	0	0	0	0	0	0	0	0
gene-1486	0	0	0	0	0	0	0	0	0	0	0	0
gene-1487	0	0	0	0	0	0	1	0	0	0	0	1
gene-1488	0	0	0	0	0	0	0	0	0	0	0	0
gene-1489	0	0	2	1	0	0	0	0	1	0	0	0
gene-1490	0	0	0	0	0	0	0	0	0	0	0	0
gene-1491	0	0	0	0	2	0	0	0	0	1	0	0
gene-1492	0	0	0	0	0	0	0	0	0	0	0	0
gene-1493	0	0	0	0	0	0	0	0	0	0	0	0
gene-1494	0	0	0	2	0	0	0	0	0	0	0	0
gene-1495	0	0	0	0	0	0	0	0	0	0	0	0
gene-1496	0	0	0	0	0	0	0	0	0	0	0	0
gene-1497	0	0	0	0	0	0	0	0	0	0	0	0
gene-1498	0	0	0	1	0	0	2	1	1	0	1	0
gene-1499	0	0	1	0	2	0	6	1	2	2	0	0
gene-1500	0	0	0	0	0	0	0	0	0	0	0	0
gene-1501	0	0	0	0	0	0	0	0	0	1	0	0
gene-1502	2	3	1	0	1	0	0	1	0	0	0	0
gene-1503	4	9	7	1	9	4	3	7	9	3	4	4
gene-1504	0	0	0	0	0	0	0	0	0	0	0	0
gene-1505	0	0	2	1	0	2	0	0	0	0	0	0
gene-1506	0	0	0	0	0	0	0	0	0	0	0	0
gene-1507	0	0	0	0	0	0	0	0	0	0	0	0
gene-1508	0	0	0	0	0	0	0	0	0	0	0	0
gene-1509	0	0	0	0	1	0	1	0	0	0	0	0
gene-1510	0	0	0	0	0	0	2	0	0	0	0	0
gene-1511	0	0	0	0	4	1	0	0	1	0	1	0
gene-1512	0	0	0	0	0	0	0	0	0	0	0	0
gene-1513	0	0	0	0	0	0	0	0	1	0	0	0
gene-1514	0	0	0	0	4	0	6	1	0	0	1	1
gene-1515	0	0	0	0	2	0	0	2	0	0	0	0
gene-1516	0	0	0	0	0	0	0	0	0	1	0	0
gene-1517	0	1	0	0	0	0	7	0	0	0	0	0
gene-1518	0	0	0	0	0	0	0	0	0	0	0	0
gene-1519	1	0	0	0	2	0	1	0	0	0	0	0
gene-1520	0	0	0	0	1	0	0	0	0	0	3	0
gene-1521	0	0	0	1	0	0	0	0	0	0	0	0
gene-1522	0	0	0	0	0	0	0	0	0	0	0	0
gene-1523	0	0	0	0	0	0	0	0	0	0	0	0
gene-1524	10	5	12	14	13	7	7	7	5	5	4	1
gene-1525	6	2	3	2	2	1	10	6	4	0	1	0
gene-1526	0	0	0	0	0	0	0	0	0	0	0	0
gene-1527	0	0	0	0	4	0	0	0	0	1	0	0
gene-1528	0	0	0	0	0	0	0	0	0	0	0	0
gene-1529	5	0	1	8	5	3	9	2	2	4	2	3
gene-1530	0	0	0	0	0	0	0	0	0	0	0	0
gene-1531	0	0	0	0	0	0	0	0	0	0	1	0
gene-1532	0	0	0	0	0	0	0	0	0	0	0	0
gene-1533	0	0	0	0	0	1	0	0	0	0	0	0
gene-1534	0	0	0	0	0	0	1	4	0	0	1	0
gene-1535	1	0	2	0	2	0	1	1	1	0	0	1
gene-1536	0	0	0	0	2	0	0	0	0	0	0	0
gene-1537	0	0	0	0	0	0	0	0	0	0	0	0
gene-1538	0	0	0	0	0	0	0	0	0	0	0	0
gene-1539	1	3	0	3	2	1	1	1	2	1	1	2
gene-1540	0	1	0	0	0	0	0	0	0	0	1	0
gene-1541	0	0	0	1	0	0	0	0	0	0	0	0
gene-1542	0	0	0	0	0	0	0	0	0	0	0	1
gene-1543	0	0	0	1	1	0	1	0	1	1	0	0
gene-1544	1	0	0	0	0	2	1	0	0	0	0	0
gene-1545	0	0	0	0	0	0	0	0	0	0	0	0
gene-1546	3	0	0	0	6	3	0	2	0	0	1	0
gene-1547	0	0	0	1	0	0	0	0	1	0	0	0
gene-1548	0	0	0	0	0	0	0	0	0	0	0	0
gene-1549	0	1	0	0	0	0	0	0	0	0	0	0
gene-1550	0	0	0	0	0	0	0	0	1	0	0	0
gene-1551	0	0	0	1	0	0	1	1	0	0	0	0
gene-1552	0	0	0	0	0	0	0	0	0	0	0	0
gene-1553	0	0	0	0	0	0	0	0	0	0	0	0
gene-1554	0	4	1	43	9	3	12	7	3	5	5	7
gene-1555	0	0	0	0	0	0	0	0	0	0	0	0
gene-1556	0	0	0	0	0	1	1	0	1	0	0	0
gene-1557	1	0	0	0	1	0	0	0	0	0	0	0
gene-1558	0	0	0	0	0	0	0	0	0	0	0	0
gene-1559	0	0	0	0	0	0	0	0	0	0	0	0
gene-1560	0	0	0	1	0	0	0	0	0	0	0	1
gene-1561	0	0	0	0	0	0	0	0	0	0	0	0
gene-1562	1	0	0	0	2	0	0	0	0	0	0	1
gene-1563	2	0	0	0	0	0	0	0	0	0	0	0
gene-1564	0	0	0	0	0	0	2	1	0	0	0	0
gene-1565	0	0	0	1	0	0	0	0	0	0	0	0
gene-1566	2	0	0	1	5	1	7	0	0	0	0	1
gene-1567	0	0	0	0	0	0	0	0	0	0	0	0
gene-1568	0	0	0	0	0	0	0	0	0	0	0	0
gene-1569	2	2	2	7	11	8	14	5	6	2	3	9
gene-1570	0	0	0	0	0	0	0	0	0	1	0	0
gene-1571	0	0	0	0	0	0	0	0	0	0	0	0
gene-1572	0	0	0	0	0	1	0	0	0	0	0	0
gene-1573	0	0	0	1	0	0	3	1	0	0	1	0
gene-1574	0	0	0	0	0	3	2	2	4	0	0	0
gene-1575	0	0	0	2	0	1	0	0	1	0	0	0
gene-1576	0	0	0	1	0	0	0	0	0	0	0	0
gene-1577	0	0	0	0	0	0	0	0	0	0	0	0
gene-1578	0	0	0	0	0	0	0	0	0	0	0	0
gene-1579	0	0	0	0	0	0	0	0	0	0	0	0
gene-1580	0	0	0	0	0	0	0	0	0	0	0	0
gene-1581	0	0	0	1	0	0	0	0	0	0	0	0
gene-1582	0	0	0	0	0	0	1	0	0	0	0	0
gene-1583	0	0	0	1	1	0	0	0	1	0	0	0
gene-1584	0	0	0	0	0	0	0	0	0	0	0	0
gene-1585	0	0	0	0	0	0	0	0	0	0	0	0
gene-1586	0	0	0	0	0	0	0	0	0	0	0	0
gene-1587	0	0	0	0	0	0	0	0	0	0	0	0
gene-1588	0	0	0	0	0	0	0	0	0	0	0	0
gene-1589	1	0	0	0	0	2	2	1	0	0	0	0
gene-1590	0	0	0	0	0	0	0	0	0	0	0	0
gene-1591	0	0	0	0	0	0	0	0	0	0	0	0
gene-1592	0	0	0	0	0	0	0	0	0	0	0	0
gene-1593	1	0	0	0	0	0	0	0	0	0	0	0
gene-1594	1	0	0	1	0	0	0	0	0	0	0	0
gene-1595	0	0	0	0	0	0	0	0	0	0	0	0
gene-1596	0	0	0	0	0	0	0	0	0	0	0	0
gene-1597	1	0	0	2	1	0	0	0	0	0	0	0
gene-1598	1	0	0	0	0	0	0	0	0	0	0	0
gene-1599	0	0	0	0	0	0	1	0	0	1	0	0
gene-1600	1	0	3	0	0	3	1	1	0	0	1	0
gene-1601	0	0	0	0	0	0	0	0	0	0	0	0
gene-1602	0	0	0	0	0	0	0	0	0	0	0	0
gene-1603	0	0	0	0	0	0	0	0	0	0	0	0
gene-1604	0	0	0	0	0	0	0	0	0	0	0	0
gene-1605	0	0	0	0	0	0	0	0	0	1	0	0
gene-1606	0	0	0	0	0	0	0	0	0	0	0	0
gene-1607	0	0	0	0	0	0	0	0	0	0	0	0
gene-1608	0	1	0	0	0	0	0	0	0	0	0	0
gene-1609	0	0	0	0	1	0	0	0	0	0	0	0
gene-1610	1	3	1	12	8	2	9	3	1	3	0	1
gene-1611	1	0	1	3	0	0	0	1	0	1	0	0
gene-1612	0	1	0	0	0	0	0	0	0	0	0	0
gene-1613	0	0	0	1	0	0	0	0	0	0	0	1
gene-1614	1	0	0	0	0	0	0	0	0	0	0	0
gene-1615	4	1	0	0	3	0	6	3	3	1	1	1
gene-1616	0	0	0	0	0	0	0	0	0	0	0	0
gene-1617	0	0	0	1	1	0	0	0	0	0	0	0
gene-1618	0	0	1	0	0	0	0	0	1	0	0	0
gene-1619	1	0	2	0	1	3	1	1	3	3	0	0
gene-1620	0	0	0	2	1	0	0	0	0	0	0	0
gene-1621	0	0	0	0	0	1	0	0	0	0	0	0
gene-1622	0	0	0	0	2	0	0	0	0	0	1	0
gene-1623	0	0	0	0	0	0	0	0	0	0	0	0
gene-1624	0	0	0	0	0	0	0	0	0	0	0	0
gene-1625	0	0	0	0	0	0	0	0	0	0	0	0
gene-1626	2	1	0	0	0	0	0	0	0	0	0	0
gene-1627	0	2	0	0	1	0	0	0	0	0	0	0
gene-1628	6	4	2	6	2	4	11	3	2	3	1	5
gene-1629	0	1	0	0	0	0	0	1	0	2	0	0
gene-1630	0	0	0	2	0	0	0	0	0	2	0	0
gene-1631	0	3	0	0	4	1	6	0	0	0	3	0
gene-1632	0	0	0	0	0	0	0	0	0	0	0	0
gene-1633	2	0	0	3	0	0	2	5	0	2	5	1
gene-1634	0	2	2	2	1	2	2	0	0	2	1	0
gene-1635	1	0	0	1	0	0	0	0	0	0	0	0
gene-1636	0	0	1	0	0	1	0	2	2	1	1	0
gene-1637	0	0	0	0	0	0	0	0	0	0	0	0
gene-1638	0	0	0	0	0	0	0	0	0	0	0	0
gene-1639	0	0	0	0	0	0	0	0	0	0	0	0
gene-1640	2	0	1	5	7	1	10	1	4	5	0	0
gene-1641	0	1	0	0	0	0	0	0	0	0	0	0
gene-1642	0	0	0	0	0	0	0	0	0	0	0	0
gene-1643	0	0	0	0	0	0	0	2	0	0	0	0
gene-1644	1	0	0	0	0	0	0	0	0	0	0	0
gene-1645	0	0	0	0	0	0	0	0	0	0	0	0
gene-1646	0	0	0	0	0	0	0	0	0	0	0	0
gene-1647	0	0	0	0	0	0	0	0	0	0	0	0
gene-1648	0	0	0	0	0	0	0	0	0	0	0	0
gene-1649	0	0	0	0	0	0	0	0	0	0	0	0
gene-1650	0	0	0	0	0	0	0	0	0	0	0	0
gene-1651	0	2	2	1	8	4	8	10	4	0	0	4
gene-1652	1	1	0	0	0	0	0	0	0	0	0	0
gene-1653	34	26	36	285	423	174	179	44	68	243	219	132
gene-1654	50	54	33	216	686	210	130	79	75	381	413	165
gene-1655	0	0	0	0	0	0	0	0	0	0	0	0
gene-1656	0	0	0	0	1	0	1	0	1	0	0	0
gene-1657	1	0	1	0	0	0	1	1	0	0	0	0
gene-1658	0	0	0	0	1	0	0	0	0	0	0	0
gene-1659	1	1	1	0	0	3	1	2	1	0	2	0
gene-1660	0	0	0	0	0	0	0	0	0	0	0	1
gene-1661	0	0	0	0	0	0	0	1	0	0	0	0
gene-1662	3	2	2	2	1	1	4	6	0	0	1	1
gene-1663	0	0	0	0	0	0	0	0	0	0	0	0
gene-1664	0	1	0	1	0	0	2	1	2	0	1	0
gene-1665	0	0	0	0	0	0	0	0	0	1	1	0
gene-1666	0	0	0	0	0	0	0	0	0	0	0	0
gene-1667	0	0	0	0	0	0	0	0	0	0	0	0
gene-1668	0	0	0	0	0	0	0	0	0	0	0	0
gene-1669	0	0	0	0	0	0	0	0	0	0	0	0
gene-1670	0	0	0	0	1	0	0	0	0	0	0	1
gene-1671	0	0	0	0	0	0	0	0	0	0	0	0
gene-1672	0	0	0	0	0	0	0	0	0	0	0	0
gene-1673	0	0	0	0	1	0	0	1	1	0	0	0
gene-1674	2	0	0	2	1	0	3	0	1	0	0	1
gene-1675	6	1	3	32	15	5	20	18	12	6	5	3
gene-1676	0	0	0	0	0	2	2	0	0	1	0	1
gene-1677	0	0	0	0	1	0	0	1	0	0	0	1
gene-1678	0	0	0	4	2	2	1	0	0	0	0	0
gene-1679	2	2	0	5	9	3	4	1	2	3	1	2
gene-1680	0	0	0	0	0	0	0	0	0	0	0	0
gene-1681	0	0	0	0	0	0	0	0	0	0	0	0
gene-1682	0	0	0	0	0	1	0	0	0	1	1	0
gene-1683	0	0	0	0	0	1	0	0	0	0	0	0
gene-1684	0	0	0	0	0	0	0	0	0	0	0	0
gene-1685	0	0	0	0	0	0	0	0	0	0	0	0
gene-1686	0	0	0	0	0	0	0	0	0	0	0	0
gene-1687	0	0	0	0	0	0	0	0	0	0	0	0
gene-1688	0	0	0	0	0	0	0	0	0	0	0	0
gene-1689	0	0	0	0	0	0	0	0	0	0	0	0
gene-1690	0	3	2	3	6	2	3	4	0	0	1	0
gene-1691	0	0	0	0	1	0	0	0	0	0	1	0
gene-1692	0	0	0	0	0	0	0	0	0	0	0	0
gene-1693	0	0	0	0	0	0	0	0	0	0	0	0
gene-1694	0	0	0	1	0	0	1	0	0	0	0	0
gene-1695	0	0	0	0	0	0	0	0	0	1	2	0
gene-1696	0	0	0	0	0	0	0	0	0	0	1	0
gene-1697	0	0	0	0	0	0	0	0	0	0	0	0
gene-1698	0	0	0	2	0	0	0	0	0	0	0	0
gene-1699	0	0	0	1	1	0	2	2	0	7	3	3
gene-1700	1	0	1	2	5	3	0	11	2	7	5	6
gene-1701	0	0	0	0	0	0	0	0	0	0	0	0
gene-1702	1	0	0	0	0	0	0	1	0	2	2	2
gene-1703	0	0	0	0	0	0	0	0	0	0	0	0
gene-1704	0	0	0	0	0	0	0	0	0	0	0	0
gene-1705	0	0	0	0	0	1	0	0	0	0	0	0
gene-1706	0	0	0	0	0	0	0	0	0	0	0	0
gene-1707	0	0	0	0	0	0	0	0	0	0	0	0
gene-1708	0	0	0	0	0	0	0	0	0	0	0	0
gene-1709	0	0	0	0	0	0	0	0	0	0	0	0
gene-1710	0	0	0	0	0	0	0	0	0	0	0	0
gene-1711	0	0	0	0	0	0	0	0	0	0	0	0
gene-1712	0	0	0	0	0	0	0	0	0	0	0	0
gene-1713	0	0	0	0	0	0	0	0	0	0	0	0
gene-1714	0	0	0	0	0	0	0	0	0	0	0	0
gene-1715	0	0	0	0	0	0	0	0	0	0	0	0
gene-1716	0	0	0	0	0	0	0	0	0	0	1	0
gene-1717	0	0	0	0	0	0	0	0	0	0	0	0
gene-1718	0	0	0	0	0	0	0	0	0	0	0	0
gene-1719	0	0	0	0	0	0	0	0	0	0	0	0
gene-1720	0	0	0	0	0	0	0	0	0	0	0	0
gene-1721	0	0	0	0	0	0	0	0	0	0	0	0
gene-1722	0	0	0	0	0	0	0	0	0	0	0	0
gene-1723	0	0	0	0	0	0	0	0	0	0	0	0
gene-1724	0	0	0	0	0	0	0	0	0	0	0	0
gene-1725	1	0	1	0	2	0	3	0	0	0	0	0
gene-1726	0	0	0	0	0	0	0	0	0	0	0	0
gene-1727	0	0	0	0	0	0	0	0	0	0	0	0
gene-1728	0	0	0	0	0	0	0	0	0	0	0	0
gene-1729	0	0	0	0	0	0	0	0	0	0	0	0
gene-1730	0	0	0	0	0	0	0	0	0	0	0	0
gene-1731	0	0	0	0	0	0	0	0	0	0	0	0
gene-1732	0	0	0	0	0	0	0	0	0	0	0	0
gene-1733	0	0	0	0	0	0	0	0	0	0	0	0
gene-1734	0	0	0	0	0	0	0	0	0	0	0	0
gene-1735	0	0	0	0	2	0	1	0	1	1	0	1
gene-1736	0	0	0	0	2	1	1	0	0	0	0	0
gene-1737	0	0	0	0	0	0	0	0	0	0	0	0
gene-1738	0	0	0	0	0	0	0	0	0	0	0	0
gene-1739	0	0	0	3	4	1	0	0	0	1	1	2
gene-1740	0	0	0	0	0	0	0	0	0	0	0	0
gene-1741	0	0	0	0	0	0	0	0	0	0	1	0
gene-1742	0	0	0	0	0	0	0	0	0	0	0	0
gene-1743	0	0	0	0	0	0	0	0	0	0	0	0
gene-1744	0	0	0	0	0	0	0	0	0	0	0	0
gene-1745	0	0	0	0	0	0	0	0	0	0	0	0
gene-1746	0	0	0	0	0	0	0	0	0	0	0	0
gene-1747	0	0	0	0	0	0	0	0	0	0	0	0
gene-1748	0	0	0	0	0	0	0	0	0	0	0	0
gene-1749	0	0	0	0	0	0	0	0	0	0	0	0
gene-1750	0	0	0	0	1	0	0	0	0	1	0	0
gene-1751	0	0	0	0	0	0	0	0	0	0	0	0
gene-1752	0	0	0	0	0	0	0	0	0	0	0	0
gene-1753	0	0	0	0	0	0	0	0	0	0	0	0
gene-1754	0	0	0	0	0	0	0	0	0	0	0	0
gene-1755	0	0	0	0	0	0	0	0	0	0	0	0
gene-1756	0	0	0	0	0	0	0	0	0	0	0	0
gene-1757	0	0	0	0	0	0	0	0	0	1	0	0
gene-1758	0	0	0	0	0	0	0	0	0	0	0	0
gene-1759	0	1	0	0	0	0	0	0	0	0	0	0
gene-1760	0	0	0	0	0	0	0	0	0	0	0	0
gene-1761	0	0	0	0	0	0	0	0	0	0	0	0
gene-1762	0	0	0	1	0	0	0	1	1	0	0	0
gene-1763	0	0	0	0	0	0	0	0	0	0	0	0
gene-1764	0	0	0	0	0	0	0	0	0	0	0	0
gene-1765	0	0	0	0	0	0	0	0	0	0	0	0
gene-1766	0	0	0	0	0	0	0	0	0	0	0	0
gene-1767	0	0	0	0	0	0	0	0	0	0	0	0
gene-1768	0	0	1	0	0	0	1	1	1	0	0	1
gene-1769	0	0	0	0	0	0	0	0	0	0	0	0
gene-1770	0	0	0	0	0	0	0	0	0	0	0	0
gene-1771	0	0	0	0	0	0	0	0	0	0	0	0
gene-1772	0	0	0	0	0	0	0	0	0	0	0	0
gene-1773	0	0	0	0	0	0	0	0	0	0	0	0
gene-1774	0	0	0	0	0	0	0	0	0	0	0	0
gene-1775	354	279	326	398	1204	796	1871	1374	1139	282	212	338
gene-1776	8	12	14	5	32	23	53	49	37	12	10	4
gene-1777	0	0	0	0	2	0	1	1	0	0	0	0
gene-1778	0	0	0	0	4	1	1	0	1	0	0	0
gene-1779	62	49	55	40	164	118	96	180	151	58	37	82
gene-1780	17	21	32	20	57	53	140	94	79	16	9	18
gene-1781	147	135	142	136	403	279	570	423	409	94	55	125
gene-1782	37	22	24	34	97	75	162	133	101	18	21	16
gene-1783	4	7	1	1	13	8	2	6	3	9	6	8
gene-1784	560	434	531	3136	3175	1418	1696	791	488	1079	854	1140
gene-1785	0	0	0	0	0	0	0	0	0	0	0	0
gene-1786	5	5	12	72	115	56	40	11	18	77	63	56
gene-1787	0	0	0	0	0	0	0	0	0	0	0	0
gene-1788	0	0	0	0	0	0	0	0	0	0	0	0
gene-1789	157	103	172	145	179	86	345	163	86	40	43	51
gene-1790	0	2	0	0	0	0	0	0	0	0	0	0
gene-1791	0	0	0	0	0	0	0	0	0	0	0	0
gene-1792	0	0	0	0	0	0	0	0	0	0	0	0
gene-1793	0	0	0	0	0	0	0	0	0	0	0	0
gene-1794	0	0	0	0	0	0	0	0	0	0	0	0
gene-1795	0	0	0	0	0	0	0	0	0	0	0	0
gene-1796	0	0	0	0	0	0	3	0	0	0	0	0
gene-1797	1	2	0	0	2	0	2	3	1	0	1	0
gene-1798	0	0	0	1	0	0	0	0	0	0	0	0
gene-1799	0	0	0	0	0	0	0	0	0	0	0	0
gene-1800	0	1	1	0	0	0	2	1	1	0	0	0
gene-1801	0	0	0	0	0	0	0	2	0	0	0	0
gene-1802	0	1	0	0	0	0	0	0	1	2	0	0
gene-1803	0	0	0	0	1	0	1	0	0	0	0	0
gene-1804	0	0	0	0	0	0	0	0	0	0	0	0
gene-1805	0	1	5	3	3	1	13	3	3	2	1	0
gene-1806	0	0	0	0	0	0	0	0	0	0	0	0
gene-1807	1	0	0	1	0	0	2	1	0	1	1	0
gene-1808	2	1	0	0	0	0	1	0	0	1	0	1
gene-1809	0	0	0	0	0	0	0	0	0	0	0	0
gene-1810	0	0	0	0	0	0	0	0	0	1	0	0
gene-1811	0	0	0	0	1	0	0	0	0	0	1	1
gene-1812	0	0	0	0	0	0	0	0	0	0	1	0
gene-1813	0	0	0	0	0	0	0	0	0	0	0	0
gene-1814	0	1	0	1	0	2	0	0	1	0	0	0
gene-1815	0	1	0	0	0	0	0	0	0	0	0	0
gene-1816	0	0	0	0	0	0	0	0	0	0	0	0
gene-1817	0	0	0	0	0	0	0	1	0	0	1	0
gene-1818	0	1	0	0	0	0	0	0	0	0	0	0
gene-1819	0	1	2	1	1	1	0	4	0	2	1	0
gene-1820	0	0	0	0	0	2	0	0	0	0	0	0
gene-1821	1	0	0	5	1	0	3	1	0	1	1	0
gene-1822	0	0	0	0	0	0	0	0	0	0	0	0
gene-1823	0	0	0	1	3	3	0	0	0	0	0	0
gene-1824	0	0	0	0	0	0	0	0	0	0	0	0
gene-1825	0	0	0	0	0	0	0	0	0	0	0	0
gene-1826	3	2	2	5	0	1	3	2	0	2	1	1
gene-1827	0	0	0	0	1	1	0	0	0	0	0	0
gene-1828	0	0	0	0	0	0	0	0	0	0	0	0
gene-1829	0	0	0	0	0	0	0	0	0	0	0	0
gene-1830	0	0	4	0	0	0	1	0	0	0	0	0
gene-1831	0	1	0	0	0	0	0	0	0	0	2	0
gene-1832	0	0	1	0	2	2	0	0	0	1	0	0
gene-1833	0	0	0	0	0	0	0	0	0	0	0	0
gene-1834	0	0	0	0	0	0	0	0	0	0	0	0
gene-1835	0	0	0	0	3	0	2	1	1	1	0	2
gene-1836	0	0	0	1	2	0	1	0	0	0	1	0
gene-1837	0	0	0	0	0	0	0	0	0	0	0	0
gene-1838	0	0	0	0	0	0	0	0	0	0	0	2
gene-1839	0	0	0	1	0	1	0	1	0	0	0	0
gene-1840	0	0	1	0	0	0	0	0	0	0	0	0
gene-1841	0	1	0	1	1	1	0	0	0	0	0	0
gene-1842	0	0	0	2	2	0	0	2	0	0	2	0
gene-1843	0	1	1	0	0	2	0	0	0	1	1	1
gene-1844	0	0	0	0	0	0	0	0	0	0	0	0
gene-1845	1	3	3	2	2	0	6	4	4	0	2	0
gene-1846	0	0	0	0	1	0	2	1	0	0	0	0
gene-1847	0	0	0	0	0	0	0	0	0	0	0	0
gene-1848	2	0	0	0	0	0	0	0	2	0	0	0
gene-1849	0	0	2	0	0	0	0	0	0	0	0	0
gene-1850	0	0	0	1	0	0	0	1	0	0	0	2
gene-1851	0	0	0	0	0	0	0	0	0	0	0	0
gene-1852	3	1	2	0	3	0	3	6	2	0	0	3
gene-1853	0	0	0	0	0	0	0	0	0	0	0	0
gene-1854	0	0	0	0	0	0	0	0	0	0	0	0
gene-1855	0	0	0	0	1	0	0	0	0	0	0	0
gene-1856	0	0	0	1	0	0	0	0	0	0	0	0
gene-1857	0	0	0	0	0	0	0	0	0	0	0	0
gene-1858	0	0	0	0	0	0	0	0	0	0	0	0
gene-1859	1	1	0	1	4	0	2	1	1	0	0	0
gene-1860	0	0	0	0	0	0	0	0	0	0	0	0
gene-1861	0	0	0	0	0	0	0	0	0	0	0	0
gene-1862	0	0	0	0	0	0	0	0	0	0	0	0
gene-1863	1	0	0	1	2	0	1	1	0	0	1	2
gene-1864	0	0	0	0	0	0	0	0	0	0	0	2
gene-1865	0	0	0	0	0	0	0	0	0	0	0	0
gene-1866	0	0	0	0	0	0	0	0	0	0	0	0
gene-1867	0	0	0	0	0	0	0	0	0	0	0	0
gene-1868	0	0	0	0	0	0	0	0	0	0	0	0
gene-1869	0	0	0	0	0	0	1	0	0	0	0	0
gene-1870	1	0	0	0	0	0	0	0	0	0	0	0
gene-1871	0	0	0	0	0	0	0	0	0	1	0	0
gene-1872	0	0	0	0	0	0	0	0	0	0	0	0
gene-1873	0	0	0	0	0	0	0	0	0	0	0	0
gene-1874	0	0	0	0	0	0	0	0	0	0	0	0
gene-1875	0	1	0	0	0	0	0	1	0	0	0	0
gene-1876	0	1	0	1	0	0	1	0	0	1	0	1
gene-1877	1	3	1	52	13	4	3	0	0	70	10	23
gene-1878	1	0	0	84	20	4	0	0	0	78	13	36
gene-1879	0	0	0	0	2	0	0	0	0	0	0	0
gene-1880	0	0	1	0	0	4	3	1	1	0	0	0
gene-1881	0	0	0	0	0	0	0	0	0	0	0	0
gene-1882	0	0	0	0	0	0	0	0	0	0	0	0
gene-1883	2	2	1	0	7	1	4	3	4	3	7	0
gene-1884	0	0	0	0	0	0	0	0	0	0	0	0
gene-1885	1	3	9	97	103	48	35	3	2	35	10	29
gene-1886	1	2	0	16	29	17	3	7	6	17	16	10
gene-1887	12	11	4	2	11	3	2	3	1	11	18	4
gene-1888	1	3	2	40	32	23	1	1	3	17	9	14
gene-1889	5367	4686	6266	12910	9789	5216	11025	4737	3496	5827	3804	4462
gene-1890	2	1	0	0	0	2	0	0	0	0	0	0
gene-1891	118	69	98	80	77	62	211	96	64	76	94	70
gene-1892	0	0	0	0	0	0	0	0	0	0	0	1
gene-1893	0	0	0	0	0	0	0	0	0	4	0	0
gene-1894	0	0	0	0	0	0	0	0	0	0	0	0
gene-1895	0	0	0	0	0	0	0	0	0	0	0	0
gene-1896	3	0	0	0	2	1	4	2	1	0	0	1
gene-1897	0	0	0	0	0	0	0	1	1	1	0	1
gene-1898	0	0	0	0	0	0	1	0	0	0	0	0
gene-1899	2	1	3	3	4	3	10	0	2	1	1	0
gene-1900	0	0	0	0	0	0	0	0	0	0	0	0
gene-1901	0	0	0	0	0	0	0	0	0	0	0	0
gene-1902	1	1	2	1	5	2	9	0	4	1	4	1
gene-1903	1	0	0	1	1	0	0	0	1	0	1	0
gene-1904	0	0	0	0	0	0	0	0	0	0	0	0
gene-1905	0	0	0	0	0	0	0	0	0	0	0	0
gene-1906	0	0	0	0	0	0	0	0	0	0	0	0
gene-1907	0	0	0	0	0	1	0	1	0	0	0	0
gene-1908	2	1	0	5	6	1	0	0	0	1	2	3
gene-1909	0	0	0	0	0	0	0	0	0	0	0	0
gene-1910	0	0	0	3	1	0	0	0	0	2	0	0
gene-1911	0	0	0	1	3	1	0	0	0	0	0	0
gene-1912	2	0	0	1	1	0	1	1	0	0	0	0
gene-1913	0	0	0	0	0	0	0	0	0	0	0	0
gene-1914	0	0	0	0	0	0	0	0	0	0	0	1
gene-1915	0	0	0	0	0	0	0	0	0	0	0	0
gene-1916	0	1	0	0	4	0	2	1	2	2	0	1
gene-1917	2	2	4	5	3	2	3	6	6	3	2	3
gene-1918	0	0	0	0	0	0	0	0	0	0	0	0
gene-1919	20	15	17	10	50	18	28	25	20	22	12	8
gene-1920	0	0	0	0	0	0	0	0	0	0	0	0
gene-1921	0	0	0	0	0	0	0	0	0	0	0	0
gene-1922	1	2	1	0	12	0	5	0	0	0	29	0
gene-1923	0	0	0	0	0	0	0	0	0	1	0	0
gene-1924	0	0	0	0	0	0	0	0	0	0	0	0
gene-1925	2	0	0	1	0	0	0	0	0	0	0	0
gene-1926	228	235	246	395	757	626	2494	1352	838	201	164	331
gene-1927	16	29	18	18	64	43	99	93	51	15	23	21
gene-1928	118	131	75	86	354	164	76	103	83	226	205	161
gene-1929	421	411	413	842	1347	789	970	509	449	1204	886	898
gene-1930	0	0	0	0	0	0	3	0	0	1	0	1
gene-1931	0	1	0	1	0	0	0	1	0	1	0	0
gene-1932	0	0	0	0	0	0	0	0	0	0	0	0
gene-1933	0	3	0	33	40	16	2	0	2	6	9	6
gene-1934	0	0	0	0	0	0	0	0	0	0	0	0
gene-1935	0	0	0	0	0	0	0	0	0	0	0	0
gene-1936	0	0	0	0	0	0	0	0	0	0	0	0
gene-1937	0	0	0	0	0	0	0	0	0	0	0	0
gene-1938	0	0	0	0	0	0	0	0	0	0	0	0
gene-1939	39	29	20	12	32	29	22	30	12	23	15	18
gene-1940	91	54	86	75	101	70	239	106	81	34	46	18
gene-1941	24	24	26	19	124	71	64	125	128	25	30	30
gene-1942	90	75	118	155	344	242	773	432	380	80	57	77
gene-1943	0	0	0	0	1	0	0	0	0	0	0	0
gene-1944	1	2	1	0	2	0	0	1	1	5	2	2
gene-1945	22	17	15	15	84	77	84	102	73	23	34	22
gene-1946	0	0	0	0	2	0	0	0	0	0	0	0
gene-1947	405	387	610	582	1400	1029	3583	1781	1742	569	375	562
gene-1948	0	0	0	0	0	0	0	0	0	0	0	0
gene-1949	0	0	0	0	0	0	0	0	0	0	0	0
gene-1950	174	126	149	78	452	276	248	570	384	117	93	107
gene-1951	0	1	0	0	3	1	2	3	2	0	2	1
gene-1952	12	12	4	0	25	24	11	44	27	9	11	4
gene-1953	6	11	10	3	25	7	25	21	13	3	1	4
gene-1954	76	85	49	31	131	54	173	137	92	34	59	27
gene-1955	4059	3089	2917	2028	5648	2973	12054	6436	5024	928	1616	945
gene-1956	87	83	80	37	124	37	128	100	91	43	75	30
gene-1957	79	48	88	27	29	18	431	74	95	4	12	9
gene-1958	24519	20173	26426	16060	25424	14467	49388	30831	18979	8291	10021	7049
gene-1959	177	95	118	192	509	331	1419	848	576	45	92	28
gene-1960	7	2	4	26	38	15	225	71	32	3	6	2
gene-1961	89	88	55	39	133	52	63	76	54	74	66	58
gene-1962	14014	12096	9867	5242	18202	9089	10650	13563	8438	9582	10832	7298
gene-1963	0	0	2	2	6	7	0	1	1	6	2	2
gene-1964	90	68	54	22	49	30	64	41	51	27	35	11
gene-1965	1337	1265	988	361	1095	568	2785	1773	1022	534	1269	365
gene-1966	0	0	0	0	0	0	0	0	0	0	0	0
gene-1967	0	0	0	0	0	0	0	0	0	0	0	0
gene-1968	0	0	0	0	0	0	0	0	0	1	0	0
gene-1969	1	0	0	0	2	0	0	0	0	2	0	0
gene-1970	0	0	0	0	0	0	0	0	0	0	0	0
gene-1971	2	2	1	6	2	0	0	2	1	1	3	2
gene-1972	18	20	21	113	141	73	51	25	28	42	35	40
gene-1973	0	0	0	6	17	5	0	0	1	10	8	8
gene-1974	1011	1202	1291	15598	16893	9011	5001	1590	1732	12482	7887	10857
gene-1975	379	330	383	1413	1047	548	462	174	112	957	569	901
gene-1976	5340	4678	6804	28454	20904	11265	9930	3173	2881	17121	10441	16931
gene-1977	0	0	0	0	0	0	0	0	0	0	0	0
gene-1978	0	0	0	0	0	1	1	0	0	0	0	0